0 0.2 0 1 0.2 0 
0.050000001 0.2 0.02681572 0.97561473 0.25 0.030394679 
0.1 0.2 0.052323621 0.95241868 0.30000001 0.061689079 
0.15000001 0.2 0.076587483 0.930354 0.34999999 0.093851492 
0.2 0.2 0.099667989 0.90936536 0.40000001 0.1268499 
0.25 0.2 0.12162285 0.88940042 0.44999999 0.16065222 
0.30000001 0.2 0.14250694 0.87040913 0.5 0.19522648 
0.34999999 0.2 0.16237251 0.85234404 0.55000001 0.23054104 
0.40000001 0.2 0.18126924 0.83516002 0.60000002 0.26656473 
0.44999999 0.2 0.19924435 0.8188141 0.64999998 0.30326694 
0.5 0.2 0.21634281 0.80326533 0.69999999 0.34061787 
0.55000001 0.2 0.23260736 0.78847492 0.75 0.37858838 
0.60000002 0.2 0.24807869 0.77440584 0.80000001 0.41715023 
0.64999998 0.2 0.26279548 0.76102293 0.85000002 0.45627612 
0.69999999 0.2 0.27679449 0.74829268 0.89999998 0.49593964 
0.75 0.2 0.2901108 0.73618329 0.94999999 0.53611535 
0.80000001 0.2 0.30277765 0.72466451 1 0.57677883 
0.85000002 0.2 0.31482673 0.71370745 1.05 0.61790657 
0.89999998 0.2 0.32628816 0.70328486 1.1 0.65947598 
0.94999999 0.2 0.33719063 0.69337052 1.15 0.70146555 
1 0.2 0.34756136 0.68393975 1.2 0.7438547 
1.05 0.2 0.35742632 0.6749689 1.25 0.78662366 
1.1 0.2 0.36681014 0.66643554 1.3 0.82975364 
1.15 0.2 0.37573633 0.6583184 1.35 0.8732267 
1.2 0.2 0.38422716 0.6505971 1.4 0.91702574 
1.25 0.2 0.39230391 0.64325243 1.45 0.96113449 
1.3 0.2 0.39998674 0.63626593 1.5 1.0055375 
1.35 0.2 0.40729487 0.62962013 1.55 1.0502199 
1.4 0.2 0.41424659 0.62329847 1.6 1.0951678 
1.45 0.2 0.42085928 0.61728513 1.65 1.1403677 
1.5 0.2 0.42714944 0.61156511 1.7 1.1858071 
1.55 0.2 0.43313283 0.60612398 1.75 1.2314739 
1.6 0.2 0.43882442 0.60094827 1.8 1.2773566 
1.65 0.2 0.44423842 0.59602499 1.85 1.3234444 
1.7 0.2 0.44938838 0.59134179 1.9 1.3697269 
1.75 0.2 0.45428717 0.586887 1.95 1.4161944 
1.8 0.2 0.45894703 0.58264947 2 1.4628376 
1.85 0.2 0.46337965 0.57861859 2.05 1.5096476 
1.9 0.2 0.46759608 0.57478434 2.0999999 1.5566161 
1.95 0.2 0.47160688 0.57113707 2.1500001 1.603735 
2 0.2 0.47542205 0.56766766 2.2 1.6509968 
2.05 0.2 0.47905117 0.56436747 2.25 1.6983944 
2.0999999 0.2 0.48250329 0.56122822 2.3 1.745921 
2.1500001 0.2 0.48578703 0.55824208 2.3499999 1.79357 
2.2 0.2 0.48891065 0.55540156 2.4000001 1.8413355 
2.25 0.2 0.49188191 0.55269963 2.45 1.8892115 
2.3 0.2 0.49470827 0.55012941 2.5 1.9371924 
2.3499999 0.2 0.4973968 0.54768461 2.55 1.9852732 
2.4000001 0.2 0.49995416 0.54535896 2.5999999 2.0334487 
2.45 0.2 0.50238687 0.54314679 2.6500001 2.0817144 
2.5 0.2 0.50470084 0.54104251 2.7 2.1300657 
2.55 0.2 0.50690204 0.53904086 2.75 2.1784983 
2.5999999 0.2 0.50899583 0.53713679 2.8 2.2270079 
2.6500001 0.2 0.51098758 0.53532559 2.8499999 2.2755911 
2.7 0.2 0.51288211 0.53360277 2.9000001 2.3242443 
2.75 0.2 0.51468426 0.53196394 2.95 2.3729634 
2.8 0.2 0.51639855 0.53040504 3 2.4217458 
2.8499999 0.2 0.51802921 0.52892214 3.05 2.4705882 
2.9000001 0.2 0.51958036 0.5275116 3.0999999 2.5194874 
2.95 0.2 0.52105582 0.52616984 3.1500001 2.5684407 
3 0.2 0.52245939 0.52489352 3.2 2.6174452 
3.05 0.2 0.52379447 0.52367949 3.25 2.6664989 
3.0999999 0.2 0.52506441 0.5225246 3.3 2.7155991 
3.1500001 0.2 0.52627242 0.52142608 3.3499999 2.7647433 
3.2 0.2 0.52742153 0.52038109 3.4000001 2.8139296 
3.25 0.2 0.52851462 0.51938713 3.45 2.8631558 
3.3 0.2 0.52955437 0.51844156 3.5 2.91242 
3.3499999 0.2 0.53054345 0.51754218 3.55 2.9617202 
3.4000001 0.2 0.53148425 0.51668662 3.5999999 3.0110548 
3.45 0.2 0.53237915 0.51587284 3.6500001 3.0604219 
3.5 0.2 0.53323042 0.51509869 3.7 3.1098201 
3.55 0.2 0.53404021 0.51436234 3.75 3.1592476 
3.5999999 0.2 0.53481048 0.51366186 3.8 3.2087035 
3.6500001 0.2 0.5355432 0.51299554 3.8499999 3.2581859 
3.7 0.2 0.53624016 0.51236176 3.9000001 3.3076935 
3.75 0.2 0.53690314 0.51175886 3.95 3.3572252 
3.8 0.2 0.53753376 0.51118541 4 3.40678 
3.8499999 0.2 0.53813368 0.51063985 4.0500002 3.4563565 
3.9000001 0.2 0.53870428 0.51012093 4.0999999 3.5059538 
3.95 0.2 0.5392471 0.50962734 4.1500001 3.5555706 
4 0.2 0.53976345 0.50915784 4.1999998 3.6052063 
4.0500002 0.2 0.54025459 0.50871122 4.25 3.6548598 
4.0999999 0.2 0.54072177 0.50828636 4.3000002 3.7045302 
4.1500001 0.2 0.54116619 0.50788224 4.3499999 3.7542167 
4.1999998 0.2 0.5415889 0.50749779 4.4000001 3.8039186 
4.25 0.2 0.54199106 0.50713211 4.4499998 3.8536351 
4.3000002 0.2 0.54237354 0.50678426 4.5 3.9033654 
4.3499999 0.2 0.54273736 0.50645339 4.5500002 3.9531088 
4.4000001 0.2 0.54308349 0.50613868 4.5999999 4.0028648 
4.4499998 0.2 0.54341274 0.50583929 4.6500001 4.0526328 
4.5 0.2 0.54372591 0.5055545 4.6999998 4.1024122 
4.5500002 0.2 0.54402381 0.50528359 4.75 4.1522021 
4.5999999 0.2 0.54430717 0.50502592 4.8000002 4.2020025 
4.6500001 0.2 0.5445767 0.50478083 4.8499999 4.2518125 
4.6999998 0.2 0.54483312 0.50454766 4.9000001 4.3016319 
4.75 0.2 0.54507703 0.50432587 4.9499998 4.35146 
4.8000002 0.2 0.54530901 0.50411487 5 4.4012966 
4.8499999 0.2 0.54552966 0.50391418 5.0500002 4.4511414 
4.9000001 0.2 0.54573959 0.50372326 5.0999999 4.5009933 
4.9499998 0.2 0.54593933 0.50354171 5.1500001 4.5508528 
5 0.2 0.54612923 0.50336897 5.1999998 4.600719 
5.0500002 0.2 0.54630995 0.50320464 5.25 4.6505919 
5.0999999 0.2 0.54648179 0.50304836 5.3000002 4.7004704 
5.1500001 0.2 0.54664528 0.50289971 5.3499999 4.7503557 
5.1999998 0.2 0.54680079 0.50275826 5.4000001 4.8002462 
5.25 0.2 0.54694873 0.50262374 5.4499998 4.850142 
5.3000002 0.2 0.54708946 0.50249583 5.5 4.900043 
5.3499999 0.2 0.54722333 0.50237405 5.5500002 4.9499488 
5.4000001 0.2 0.54735065 0.5022583 5.5999999 4.9998589 
5.4499998 0.2 0.54747176 0.50214815 5.6500001 5.0497737 
5.5 0.2 0.54758698 0.50204337 5.6999998 5.0996923 
5.5500002 0.2 0.54769653 0.50194371 5.75 5.1496153 
5.5999999 0.2 0.54780078 0.50184894 5.8000002 5.199542 
5.6500001 0.2 0.54789996 0.50175875 5.8499999 5.2494721 
5.6999998 0.2 0.54799426 0.50167298 5.9000001 5.2994061 
5.75 0.2 0.54808402 0.50159138 5.9499998 5.3493428 
5.8000002 0.2 0.54816931 0.50151378 6 5.3992825 
5.8499999 0.2 0.54825056 0.50143993 6.0500002 5.4492254 
5.9000001 0.2 0.54832774 0.50136971 6.0999999 5.4991713 
5.9499998 0.2 0.54840124 0.5013029 6.1500001 5.5491195 
6 0.2 0.54847109 0.50123936 6.1999998 5.5990701 
6.0500002 0.2 0.54853755 0.50117892 6.25 5.6490235 
6.0999999 0.2 0.54860079 0.50112146 6.3000002 5.6989789 
6.1500001 0.2 0.54866093 0.50106674 6.3499999 5.7489367 
6.1999998 0.2 0.54871815 0.50101471 6.4000001 5.7988963 
6.25 0.2 0.54877257 0.50096524 6.4499998 5.8488579 
6.3000002 0.2 0.54882431 0.50091815 6.5 5.8988218 
6.3499999 0.2 0.5488736 0.50087339 6.5500002 5.9487872 
6.4000001 0.2 0.54892039 0.50083077 6.5999999 5.998754 
6.4499998 0.2 0.54896498 0.50079024 6.6500001 6.0487227 
6.5 0.2 0.54900736 0.50075173 6.6999998 6.0986929 
6.5500002 0.2 0.54904765 0.50071508 6.75 6.1486645 
6.5999999 0.2 0.54908603 0.50068021 6.8000002 6.1986375 
6.6500001 0.2 0.54912251 0.50064701 6.8499999 6.2486119 
6.6999998 0.2 0.5491572 0.50061548 6.9000001 6.2985873 
6.75 0.2 0.54919022 0.50058544 6.9499998 6.3485641 
6.8000002 0.2 0.54922163 0.50055689 7 6.3985419 
6.8499999 0.2 0.5492515 0.50052971 7.0500002 6.4485211 
6.9000001 0.2 0.54927987 0.5005039 7.0999999 6.4985013 
6.9499998 0.2 0.54930693 0.50047934 7.1500001 6.5484819 
7 0.2 0.54933262 0.50045592 7.1999998 6.598464 
7.0500002 0.2 0.54935706 0.50043368 7.25 6.6484466 
7.0999999 0.2 0.5493803 0.50041252 7.3000002 6.6984305 
7.1500001 0.2 0.54940248 0.50039244 7.3499999 6.748415 
7.1999998 0.2 0.54942352 0.5003733 7.4000001 6.7983999 
7.25 0.2 0.54944354 0.50035506 7.4499998 6.8483858 
7.3000002 0.2 0.54946256 0.50033778 7.5 6.8983727 
7.3499999 0.2 0.54948068 0.50032127 7.5500002 6.94836 
7.4000001 0.2 0.5494979 0.50030565 7.5999999 6.9983478 
7.4499998 0.2 0.54951429 0.50029069 7.6500001 7.048336 
7.5 0.2 0.54952991 0.50027657 7.6999998 7.0983253 
7.5500002 0.2 0.54954475 0.50026304 7.75 7.148315 
7.5999999 0.2 0.54955882 0.50025022 7.8000002 7.1983047 
7.6500001 0.2 0.54957223 0.500238 7.8499999 7.2482953 
7.6999998 0.2 0.54958504 0.50022644 7.9000001 7.2982864 
7.75 0.2 0.54959714 0.50021535 7.9499998 7.348278 
7.8000002 0.2 0.54960871 0.50020486 8 7.3982697 
7.8499999 0.2 0.54961967 0.50019485 8.0500002 7.4482622 
7.9000001 0.2 0.54963017 0.50018537 8.1000004 7.4982548 
7.9499998 0.2 0.54964012 0.50017631 8.1499996 7.5482478 
8 0.2 0.54964954 0.50016773 8.1999998 7.5982409 
8.0500002 0.2 0.54965854 0.50015956 8.25 7.6482348 
8.1000004 0.2 0.54966712 0.50015175 8.3000002 7.6982288 
8.1499996 0.2 0.54967523 0.50014436 8.3500004 7.7482228 
8.1999998 0.2 0.54968297 0.50013733 8.3999996 7.7982173 
8.25 0.2 0.54969037 0.50013065 8.4499998 7.8482122 
8.3000002 0.2 0.54969734 0.50012428 8.5 7.8982072 
8.3500004 0.2 0.54970402 0.5001182 8.5500002 7.9482026 
8.3999996 0.2 0.54971033 0.50011241 8.6000004 7.998198 
8.4499998 0.2 0.54971641 0.50010693 8.6499996 8.0481939 
8.5 0.2 0.54972214 0.50010175 8.6999998 8.0981903 
8.5500002 0.2 0.54972756 0.5000968 8.75 8.1481857 
8.6000004 0.2 0.54973274 0.50009203 8.8000002 8.1981821 
8.6499996 0.2 0.54973769 0.50008756 8.8500004 8.2481794 
8.6999998 0.2 0.5497424 0.50008327 8.8999996 8.2981758 
8.75 0.2 0.54974687 0.50007921 8.9499998 8.3481722 
8.8000002 0.2 0.5497511 0.50007534 9 8.3981695 
8.8500004 0.2 0.54975516 0.5000717 9.0500002 8.4481668 
8.8999996 0.2 0.54975903 0.50006819 9.1000004 8.4981642 
8.9499998 0.2 0.54976267 0.50006485 9.1499996 8.5481615 
9 0.2 0.54976612 0.50006169 9.1999998 8.5981588 
9.0500002 0.2 0.54976946 0.50005871 9.25 8.6481571 
9.1000004 0.2 0.54977262 0.50005585 9.3000002 8.6981544 
9.1499996 0.2 0.5497756 0.50005311 9.3500004 8.7481527 
9.1999998 0.2 0.54977846 0.50005054 9.3999996 8.7981501 
9.25 0.2 0.54978114 0.50004804 9.4499998 8.8481483 
9.3000002 0.2 0.54978371 0.50004572 9.5 8.8981466 
9.3500004 0.2 0.54978621 0.50004351 9.5500002 8.9481449 
9.3999996 0.2 0.54978853 0.50004137 9.6000004 8.9981432 
9.4499998 0.2 0.54979074 0.50003934 9.6499996 9.0481415 
9.5 0.2 0.54979283 0.50003743 9.6999998 9.0981398 
9.5500002 0.2 0.54979485 0.50003558 9.75 9.148139 
9.6000004 0.2 0.54979676 0.50003386 9.8000002 9.1981373 
9.6499996 0.2 0.54979855 0.50003219 9.8500004 9.2481365 
9.6999998 0.2 0.54980028 0.50003064 9.8999996 9.2981348 
9.75 0.2 0.54980195 0.50002915 9.9499998 9.348134 
9.8000002 0.2 0.5498035 0.50002772 10 9.3981323 
9.8500004 0.2 0.54980499 0.50002635 10.05 9.4481316 
9.8999996 0.2 0.54980642 0.50002509 10.1 9.4981308 
9.9499998 0.2 0.54980773 0.50002384 10.15 9.54813 
10 0.2 0.54980904 0.50002271 10.2 9.5981293 
10.05 0.2 0.54981023 0.50002158 10.25 9.6481276 
10.1 0.2 0.54981142 0.50002056 10.3 9.6981268 
10.15 0.2 0.5498125 0.50001955 10.35 9.748126 
10.2 0.2 0.54981357 0.5000186 10.4 9.7981253 
10.25 0.2 0.54981458 0.5000177 10.45 9.8481245 
10.3 0.2 0.54981548 0.50001681 10.5 9.8981247 
10.35 0.2 0.54981643 0.50001597 10.55 9.9481239 
10.4 0.2 0.54981726 0.5000152 10.6 9.9981232 
10.45 0.2 0.5498181 0.50001448 10.65 10.048122 
10.5 0.2 0.54981887 0.50001377 10.7 10.098122 
10.55 0.2 0.54981959 0.50001311 10.75 10.148122 
10.6 0.2 0.5498203 0.50001246 10.8 10.198121 
10.65 0.2 0.54982096 0.50001186 10.85 10.24812 
10.7 0.2 0.54982162 0.50001127 10.9 10.29812 
10.75 0.2 0.54982221 0.50001073 10.95 10.34812 
10.8 0.2 0.54982281 0.50001019 11 10.398119 
10.85 0.2 0.54982334 0.50000972 11.05 10.448119 
10.9 0.2 0.54982382 0.50000924 11.1 10.498118 
10.95 0.2 0.54982436 0.50000876 11.15 10.548118 
11 0.2 0.54982483 0.50000834 11.2 10.598118 
11.05 0.2 0.54982525 0.50000793 11.25 10.648117 
11.1 0.2 0.54982567 0.50000757 11.3 10.698117 
11.15 0.2 0.54982609 0.50000721 11.35 10.748116 
11.2 0.2 0.5498265 0.50000685 11.4 10.798117 
11.25 0.2 0.54982686 0.5000065 11.45 10.848116 
11.3 0.2 0.54982722 0.5000062 11.5 10.898116 
11.35 0.2 0.54982752 0.5000059 11.55 10.948115 
11.4 0.2 0.54982781 0.5000056 11.6 10.998116 
11.45 0.2 0.54982811 0.5000053 11.65 11.048116 
11.5 0.2 0.54982841 0.50000507 11.7 11.098115 
11.55 0.2 0.54982871 0.50000483 11.75 11.148115 
11.6 0.2 0.54982895 0.50000459 11.8 11.198114 
11.65 0.2 0.54982919 0.50000435 11.85 11.248115 
11.7 0.2 0.54982942 0.50000417 11.9 11.298115 
11.75 0.2 0.54982966 0.50000393 11.95 11.348114 
11.8 0.2 0.5498299 0.50000376 12 11.398114 
11.85 0.2 0.54983008 0.50000358 12.05 11.448114 
11.9 0.2 0.54983026 0.5000034 12.1 11.498114 
11.95 0.2 0.54983044 0.50000322 12.15 11.548114 
12 0.2 0.54983062 0.5000031 12.2 11.598114 
12.05 0.2 0.54983079 0.50000292 12.25 11.648113 
12.1 0.2 0.54983091 0.5000028 12.3 11.698113 
12.15 0.2 0.54983109 0.50000262 12.35 11.748114 
12.2 0.2 0.54983121 0.5000025 12.4 11.798113 
12.25 0.2 0.54983139 0.50000238 12.45 11.848113 
12.3 0.2 0.54983151 0.50000226 12.5 11.898113 
12.35 0.2 0.54983163 0.50000215 12.55 11.948112 
12.4 0.2 0.54983175 0.50000209 12.6 11.998113 
12.45 0.2 0.54983187 0.50000197 12.65 12.048113 
12.5 0.2 0.54983193 0.50000185 12.7 12.098113 
12.55 0.2 0.54983205 0.50000179 12.75 12.148112 
12.6 0.2 0.54983217 0.50000167 12.8 12.198112 
12.65 0.2 0.54983222 0.50000161 12.85 12.248113 
12.7 0.2 0.54983234 0.50000155 12.9 12.298113 
12.75 0.2 0.5498324 0.50000143 12.95 12.348112 
12.8 0.2 0.54983246 0.50000137 13 12.398112 
12.85 0.2 0.54983258 0.50000131 13.05 12.448112 
12.9 0.2 0.54983264 0.50000125 13.1 12.498113 
12.95 0.2 0.5498327 0.50000119 13.15 12.548112 
13 0.2 0.54983276 0.50000113 13.2 12.598112 
13.05 0.2 0.54983282 0.50000107 13.25 12.648112 
13.1 0.2 0.54983288 0.50000101 13.3 12.698112 
13.15 0.2 0.54983294 0.50000095 13.35 12.748112 
13.2 0.2 0.549833 0.50000095 13.4 12.798112 
13.25 0.2 0.549833 0.50000089 13.45 12.848112 
13.3 0.2 0.54983306 0.50000083 13.5 12.898112 
13.35 0.2 0.54983312 0.50000077 13.55 12.948112 
13.4 0.2 0.54983318 0.50000077 13.6 12.998112 
13.45 0.2 0.54983318 0.50000072 13.65 13.048112 
13.5 0.2 0.54983324 0.50000072 13.7 13.098112 
13.55 0.2 0.5498333 0.50000066 13.75 13.148111 
13.6 0.2 0.5498333 0.5000006 13.8 13.198112 
13.65 0.2 0.54983336 0.5000006 13.85 13.248112 
13.7 0.2 0.54983336 0.50000054 13.9 13.298112 
13.75 0.2 0.54983342 0.50000054 13.95 13.348112 
13.8 0.2 0.54983342 0.50000054 14 13.398111 
13.85 0.2 0.54983348 0.50000048 14.05 13.448112 
13.9 0.2 0.54983348 0.50000048 14.1 13.498112 
13.95 0.2 0.54983354 0.50000042 14.15 13.548112 
14 0.2 0.54983354 0.50000042 14.2 13.598111 
14.05 0.2 0.54983354 0.50000042 14.25 13.648111 
14.1 0.2 0.5498336 0.50000036 14.3 13.698112 
14.15 0.2 0.5498336 0.50000036 14.35 13.748112 
14.2 0.2 0.5498336 0.50000036 14.4 13.798112 
14.25 0.2 0.54983366 0.5000003 14.45 13.848111 
14.3 0.2 0.54983366 0.5000003 14.5 13.898111 
14.35 0.2 0.54983366 0.5000003 14.55 13.948112 
14.4 0.2 0.54983371 0.5000003 14.6 13.998112 
14.45 0.2 0.54983371 0.50000024 14.65 14.048112 
14.5 0.2 0.54983371 0.50000024 14.7 14.098111 
14.55 0.2 0.54983371 0.50000024 14.75 14.148111 
14.6 0.2 0.54983377 0.50000024 14.8 14.198112 
14.65 0.2 0.54983377 0.50000024 14.85 14.248112 
14.7 0.2 0.54983377 0.50000018 14.9 14.298111 
14.75 0.2 0.54983377 0.50000018 14.95 14.348111 
14.8 0.2 0.54983377 0.50000018 15 14.398111 
14.85 0.2 0.54983377 0.50000018 15.05 14.448112 
14.9 0.2 0.54983383 0.50000018 15.1 14.498112 
14.95 0.2 0.54983383 0.50000018 15.15 14.548111 
15 0.2 0.54983383 0.50000018 15.2 14.598111 
15.05 0.2 0.54983383 0.50000012 15.25 14.648111 
15.1 0.2 0.54983383 0.50000012 15.3 14.698112 
15.15 0.2 0.54983383 0.50000012 15.35 14.748112 
15.2 0.2 0.54983383 0.50000012 15.4 14.798111 
15.25 0.2 0.54983389 0.50000012 15.45 14.848111 
15.3 0.2 0.54983389 0.50000012 15.5 14.898111 
15.35 0.2 0.54983389 0.50000012 15.55 14.948112 
15.4 0.2 0.54983389 0.50000012 15.6 14.998112 
15.45 0.2 0.54983389 0.50000012 15.65 15.048111 
15.5 0.2 0.54983389 0.50000012 15.7 15.098111 
15.55 0.2 0.54983389 0.50000006 15.75 15.148111 
15.6 0.2 0.54983389 0.50000006 15.8 15.198112 
15.65 0.2 0.54983389 0.50000006 15.85 15.248112 
15.7 0.2 0.54983389 0.50000006 15.9 15.298111 
15.75 0.2 0.54983389 0.50000006 15.95 15.348111 
15.8 0.2 0.54983389 0.50000006 16 15.398111 
15.85 0.2 0.54983395 0.50000006 16.049999 15.448112 
15.9 0.2 0.54983395 0.50000006 16.1 15.498112 
15.95 0.2 0.54983395 0.50000006 16.15 15.548111 
16 0.2 0.54983395 0.50000006 16.200001 15.598111 
16.049999 0.2 0.54983395 0.50000006 16.25 15.648111 
16.1 0.2 0.54983395 0.50000006 16.299999 15.698112 
16.15 0.2 0.54983395 0.50000006 16.35 15.748112 
16.200001 0.2 0.54983395 0.50000006 16.4 15.798111 
16.25 0.2 0.54983395 0.50000006 16.450001 15.848111 
16.299999 0.2 0.54983395 0.50000006 16.5 15.898111 
16.35 0.2 0.54983395 0.50000006 16.549999 15.948112 
16.4 0.2 0.54983395 0.50000006 16.6 15.998112 
16.450001 0.2 0.54983395 0.50000006 16.65 16.048111 
16.5 0.2 0.54983395 0.50000006 16.700001 16.098112 
16.549999 0.2 0.54983395 0.50000006 16.75 16.148111 
16.6 0.2 0.54983395 0.50000006 16.799999 16.198111 
16.65 0.2 0.54983395 0.5 16.85 16.248112 
16.700001 0.2 0.54983395 0.5 16.9 16.298111 
16.75 0.2 0.54983395 0.5 16.950001 16.348112 
16.799999 0.2 0.54983395 0.5 17 16.398111 
16.85 0.2 0.54983395 0.5 17.049999 16.448111 
16.9 0.2 0.54983395 0.5 17.1 16.498112 
16.950001 0.2 0.54983395 0.5 17.15 16.548111 
17 0.2 0.54983395 0.5 17.200001 16.598112 
17.049999 0.2 0.54983395 0.5 17.25 16.648111 
17.1 0.2 0.54983395 0.5 17.299999 16.698111 
17.15 0.2 0.54983395 0.5 17.35 16.748112 
17.200001 0.2 0.54983395 0.5 17.4 16.798111 
17.25 0.2 0.54983395 0.5 17.450001 16.848112 
17.299999 0.2 0.54983395 0.5 17.5 16.898111 
17.35 0.2 0.54983395 0.5 17.549999 16.948111 
17.4 0.2 0.54983395 0.5 17.6 16.998112 
17.450001 0.2 0.54983395 0.5 17.65 17.048111 
17.5 0.2 0.54983401 0.5 17.700001 17.098112 
17.549999 0.2 0.54983401 0.5 17.75 17.148111 
17.6 0.2 0.54983401 0.5 17.799999 17.198111 
17.65 0.2 0.54983401 0.5 17.85 17.248112 
17.700001 0.2 0.54983401 0.5 17.9 17.298111 
17.75 0.2 0.54983401 0.5 17.950001 17.348112 
17.799999 0.2 0.54983401 0.5 18 17.398111 
17.85 0.2 0.54983401 0.5 18.049999 17.448111 
17.9 0.2 0.54983401 0.5 18.1 17.498112 
17.950001 0.2 0.54983401 0.5 18.15 17.548111 
18 0.2 0.54983401 0.5 18.200001 17.598112 
18.049999 0.2 0.54983401 0.5 18.25 17.648111 
18.1 0.2 0.54983401 0.5 18.299999 17.698111 
18.15 0.2 0.54983401 0.5 18.35 17.748112 
18.200001 0.2 0.54983401 0.5 18.4 17.798111 
18.25 0.2 0.54983401 0.5 18.450001 17.848112 
18.299999 0.2 0.54983401 0.5 18.5 17.898111 
18.35 0.2 0.54983401 0.5 18.549999 17.948111 
18.4 0.2 0.54983401 0.5 18.6 17.998112 
18.450001 0.2 0.54983401 0.5 18.65 18.048111 
18.5 0.2 0.54983401 0.5 18.700001 18.098112 
18.549999 0.2 0.54983401 0.5 18.75 18.148111 
18.6 0.2 0.54983401 0.5 18.799999 18.198111 
18.65 0.2 0.54983401 0.5 18.85 18.248112 
18.700001 0.2 0.54983401 0.5 18.9 18.298111 
18.75 0.2 0.54983401 0.5 18.950001 18.348112 
18.799999 0.2 0.54983401 0.5 19 18.398111 
18.85 0.2 0.54983401 0.5 19.049999 18.448111 
18.9 0.2 0.54983401 0.5 19.1 18.498112 
18.950001 0.2 0.54983401 0.5 19.15 18.548111 
19 0.2 0.54983401 0.5 19.200001 18.598112 
19.049999 0.2 0.54983401 0.5 19.25 18.648111 
19.1 0.2 0.54983401 0.5 19.299999 18.698111 
19.15 0.2 0.54983401 0.5 19.35 18.748112 
19.200001 0.2 0.54983401 0.5 19.4 18.798111 
19.25 0.2 0.54983401 0.5 19.450001 18.848112 
19.299999 0.2 0.54983401 0.5 19.5 18.898111 
19.35 0.2 0.54983401 0.5 19.549999 18.948111 
19.4 0.2 0.54983401 0.5 19.6 18.998112 
19.450001 0.2 0.54983401 0.5 19.65 19.048111 
19.5 0.2 0.54983401 0.5 19.700001 19.098112 
19.549999 0.2 0.54983401 0.5 19.75 19.148111 
19.6 0.2 0.54983401 0.5 19.799999 19.198111 
19.65 0.2 0.54983401 0.5 19.85 19.248112 
19.700001 0.2 0.54983401 0.5 19.9 19.298111 
19.75 0.2 0.54983401 0.5 19.950001 19.348112 
19.799999 0.2 0.54983401 0.5 20 19.398111 
19.85 0.2 0.54983401 0.5 20.049999 19.448111 
19.9 0.2 0.54983401 0.5 20.1 19.498112 
19.950001 0.2 0.54983401 0.5 20.15 19.548111 
20 0.2 0.54983401 0.5 20.200001 19.598112 
20.049999 0.2 0.54983401 0.5 20.25 19.648111 
20.1 0.2 0.54983401 0.5 20.299999 19.698111 
20.15 0.2 0.54983401 0.5 20.35 19.748112 
20.200001 0.2 0.54983401 0.5 20.4 19.798111 
20.25 0.2 0.54983401 0.5 20.450001 19.848112 
20.299999 0.2 0.54983401 0.5 20.5 19.898111 
20.35 0.2 0.54983401 0.5 20.549999 19.948111 
20.4 0.2 0.54983401 0.5 20.6 19.998112 
20.450001 0.2 0.54983401 0.5 20.65 20.048111 
20.5 0.2 0.54983401 0.5 20.700001 20.098112 
20.549999 0.2 0.54983401 0.5 20.75 20.148111 
20.6 0.2 0.54983401 0.5 20.799999 20.198111 
20.65 0.2 0.54983401 0.5 20.85 20.248112 
20.700001 0.2 0.54983401 0.5 20.9 20.298111 
20.75 0.2 0.54983401 0.5 20.950001 20.348112 
20.799999 0.2 0.54983401 0.5 21 20.398111 
20.85 0.2 0.54983401 0.5 21.049999 20.448111 
20.9 0.2 0.54983401 0.5 21.1 20.498112 
20.950001 0.2 0.54983401 0.5 21.15 20.548111 
21 0.2 0.54983401 0.5 21.200001 20.598112 
21.049999 0.2 0.54983401 0.5 21.25 20.648111 
21.1 0.2 0.54983401 0.5 21.299999 20.698111 
21.15 0.2 0.54983401 0.5 21.35 20.748112 
21.200001 0.2 0.54983401 0.5 21.4 20.798111 
21.25 0.2 0.54983401 0.5 21.450001 20.848112 
21.299999 0.2 0.54983401 0.5 21.5 20.898111 
21.35 0.2 0.54983401 0.5 21.549999 20.948111 
21.4 0.2 0.54983401 0.5 21.6 20.998112 
21.450001 0.2 0.54983401 0.5 21.65 21.048111 
21.5 0.2 0.54983401 0.5 21.700001 21.098112 
21.549999 0.2 0.54983401 0.5 21.75 21.148111 
21.6 0.2 0.54983401 0.5 21.799999 21.198111 
21.65 0.2 0.54983401 0.5 21.85 21.248112 
21.700001 0.2 0.54983401 0.5 21.9 21.298111 
21.75 0.2 0.54983401 0.5 21.950001 21.348112 
21.799999 0.2 0.54983401 0.5 22 21.398111 
21.85 0.2 0.54983401 0.5 22.049999 21.448111 
21.9 0.2 0.54983401 0.5 22.1 21.498112 
21.950001 0.2 0.54983401 0.5 22.15 21.548111 
22 0.2 0.54983401 0.5 22.200001 21.598112 
22.049999 0.2 0.54983401 0.5 22.25 21.648111 
22.1 0.2 0.54983401 0.5 22.299999 21.698111 
22.15 0.2 0.54983401 0.5 22.35 21.748112 
22.200001 0.2 0.54983401 0.5 22.4 21.798111 
22.25 0.2 0.54983401 0.5 22.450001 21.848112 
22.299999 0.2 0.54983401 0.5 22.5 21.898111 
22.35 0.2 0.54983401 0.5 22.549999 21.948111 
22.4 0.2 0.54983401 0.5 22.6 21.998112 
22.450001 0.2 0.54983401 0.5 22.65 22.048111 
22.5 0.2 0.54983401 0.5 22.700001 22.098112 
22.549999 0.2 0.54983401 0.5 22.75 22.148111 
22.6 0.2 0.54983401 0.5 22.799999 22.198111 
22.65 0.2 0.54983401 0.5 22.85 22.248112 
22.700001 0.2 0.54983401 0.5 22.9 22.298111 
22.75 0.2 0.54983401 0.5 22.950001 22.348112 
22.799999 0.2 0.54983401 0.5 23 22.398111 
22.85 0.2 0.54983401 0.5 23.049999 22.448111 
22.9 0.2 0.54983401 0.5 23.1 22.498112 
22.950001 0.2 0.54983401 0.5 23.15 22.548111 
23 0.2 0.54983401 0.5 23.200001 22.598112 
23.049999 0.2 0.54983401 0.5 23.25 22.648111 
23.1 0.2 0.54983401 0.5 23.299999 22.698111 
23.15 0.2 0.54983401 0.5 23.35 22.748112 
23.200001 0.2 0.54983401 0.5 23.4 22.798111 
23.25 0.2 0.54983401 0.5 23.450001 22.848112 
23.299999 0.2 0.54983401 0.5 23.5 22.898111 
23.35 0.2 0.54983401 0.5 23.549999 22.948111 
23.4 0.2 0.54983401 0.5 23.6 22.998112 
23.450001 0.2 0.54983401 0.5 23.65 23.048111 
23.5 0.2 0.54983401 0.5 23.700001 23.098112 
23.549999 0.2 0.54983401 0.5 23.75 23.148111 
23.6 0.2 0.54983401 0.5 23.799999 23.198111 
23.65 0.2 0.54983401 0.5 23.85 23.248112 
23.700001 0.2 0.54983401 0.5 23.9 23.298111 
23.75 0.2 0.54983401 0.5 23.950001 23.348112 
23.799999 0.2 0.54983401 0.5 24 23.398111 
23.85 0.2 0.54983401 0.5 24.049999 23.448111 
23.9 0.2 0.54983401 0.5 24.1 23.498112 
23.950001 0.2 0.54983401 0.5 24.15 23.548111 
24 0.2 0.54983401 0.5 24.200001 23.598112 
24.049999 0.2 0.54983401 0.5 24.25 23.648111 
24.1 0.2 0.54983401 0.5 24.299999 23.698111 
24.15 0.2 0.54983401 0.5 24.35 23.748112 
24.200001 0.2 0.54983401 0.5 24.4 23.798111 
24.25 0.2 0.54983401 0.5 24.450001 23.848112 
24.299999 0.2 0.54983401 0.5 24.5 23.898111 
24.35 0.2 0.54983401 0.5 24.549999 23.948111 
24.4 0.2 0.54983401 0.5 24.6 23.998112 
24.450001 0.2 0.54983401 0.5 24.65 24.048111 
24.5 0.2 0.54983401 0.5 24.700001 24.098112 
24.549999 0.2 0.54983401 0.5 24.75 24.148111 
24.6 0.2 0.54983401 0.5 24.799999 24.198111 
24.65 0.2 0.54983401 0.5 24.85 24.248112 
24.700001 0.2 0.54983401 0.5 24.9 24.298111 
24.75 0.2 0.54983401 0.5 24.950001 24.348112 
24.799999 0.2 0.54983401 0.5 25 24.398111 
24.85 0.2 0.54983401 0.5 25.049999 24.448111 
24.9 0.2 0.54983401 0.5 25.1 24.498112 
24.950001 0.2 0.54983401 0.5 25.15 24.548111 
25 0.2 0.54983401 0.5 25.200001 24.598112 
25.049999 0.2 0.54983401 0.5 25.25 24.648111 
25.1 0.2 0.54983401 0.5 25.299999 24.698111 
25.15 0.2 0.54983401 0.5 25.35 24.748112 
25.200001 0.2 0.54983401 0.5 25.4 24.798111 
25.25 0.2 0.54983401 0.5 25.450001 24.848112 
25.299999 0.2 0.54983401 0.5 25.5 24.898111 
25.35 0.2 0.54983401 0.5 25.549999 24.948111 
25.4 0.2 0.54983401 0.5 25.6 24.998112 
25.450001 0.2 0.54983401 0.5 25.65 25.048111 
25.5 0.2 0.54983401 0.5 25.700001 25.098112 
25.549999 0.2 0.54983401 0.5 25.75 25.148111 
25.6 0.2 0.54983401 0.5 25.799999 25.198111 
25.65 0.2 0.54983401 0.5 25.85 25.248112 
25.700001 0.2 0.54983401 0.5 25.9 25.298111 
25.75 0.2 0.54983401 0.5 25.950001 25.348112 
25.799999 0.2 0.54983401 0.5 26 25.398111 
25.85 0.2 0.54983401 0.5 26.049999 25.448111 
25.9 0.2 0.54983401 0.5 26.1 25.498112 
25.950001 0.2 0.54983401 0.5 26.15 25.548111 
26 0.2 0.54983401 0.5 26.200001 25.598112 
26.049999 0.2 0.54983401 0.5 26.25 25.648111 
26.1 0.2 0.54983401 0.5 26.299999 25.698111 
26.15 0.2 0.54983401 0.5 26.35 25.748112 
26.200001 0.2 0.54983401 0.5 26.4 25.798111 
26.25 0.2 0.54983401 0.5 26.450001 25.848112 
26.299999 0.2 0.54983401 0.5 26.5 25.898111 
26.35 0.2 0.54983401 0.5 26.549999 25.948111 
26.4 0.2 0.54983401 0.5 26.6 25.998112 
26.450001 0.2 0.54983401 0.5 26.65 26.048111 
26.5 0.2 0.54983401 0.5 26.700001 26.098112 
26.549999 0.2 0.54983401 0.5 26.75 26.148111 
26.6 0.2 0.54983401 0.5 26.799999 26.198111 
26.65 0.2 0.54983401 0.5 26.85 26.248112 
26.700001 0.2 0.54983401 0.5 26.9 26.298111 
26.75 0.2 0.54983401 0.5 26.950001 26.348112 
26.799999 0.2 0.54983401 0.5 27 26.398111 
26.85 0.2 0.54983401 0.5 27.049999 26.448111 
26.9 0.2 0.54983401 0.5 27.1 26.498112 
26.950001 0.2 0.54983401 0.5 27.15 26.548111 
27 0.2 0.54983401 0.5 27.200001 26.598112 
27.049999 0.2 0.54983401 0.5 27.25 26.648111 
27.1 0.2 0.54983401 0.5 27.299999 26.698111 
27.15 0.2 0.54983401 0.5 27.35 26.748112 
27.200001 0.2 0.54983401 0.5 27.4 26.798111 
27.25 0.2 0.54983401 0.5 27.450001 26.848112 
27.299999 0.2 0.54983401 0.5 27.5 26.898111 
27.35 0.2 0.54983401 0.5 27.549999 26.948111 
27.4 0.2 0.54983401 0.5 27.6 26.998112 
27.450001 0.2 0.54983401 0.5 27.65 27.048111 
27.5 0.2 0.54983401 0.5 27.700001 27.098112 
27.549999 0.2 0.54983401 0.5 27.75 27.148111 
27.6 0.2 0.54983401 0.5 27.799999 27.198111 
27.65 0.2 0.54983401 0.5 27.85 27.248112 
27.700001 0.2 0.54983401 0.5 27.9 27.298111 
27.75 0.2 0.54983401 0.5 27.950001 27.348112 
27.799999 0.2 0.54983401 0.5 28 27.398111 
27.85 0.2 0.54983401 0.5 28.049999 27.448111 
27.9 0.2 0.54983401 0.5 28.1 27.498112 
27.950001 0.2 0.54983401 0.5 28.15 27.548111 
28 0.2 0.54983401 0.5 28.200001 27.598112 
28.049999 0.2 0.54983401 0.5 28.25 27.648111 
28.1 0.2 0.54983401 0.5 28.299999 27.698111 
28.15 0.2 0.54983401 0.5 28.35 27.748112 
28.200001 0.2 0.54983401 0.5 28.4 27.798111 
28.25 0.2 0.54983401 0.5 28.450001 27.848112 
28.299999 0.2 0.54983401 0.5 28.5 27.898111 
28.35 0.2 0.54983401 0.5 28.549999 27.948111 
28.4 0.2 0.54983401 0.5 28.6 27.998112 
28.450001 0.2 0.54983401 0.5 28.65 28.048111 
28.5 0.2 0.54983401 0.5 28.700001 28.098112 
28.549999 0.2 0.54983401 0.5 28.75 28.148111 
28.6 0.2 0.54983401 0.5 28.799999 28.198111 
28.65 0.2 0.54983401 0.5 28.85 28.248112 
28.700001 0.2 0.54983401 0.5 28.9 28.298111 
28.75 0.2 0.54983401 0.5 28.950001 28.348112 
28.799999 0.2 0.54983401 0.5 29 28.398111 
28.85 0.2 0.54983401 0.5 29.049999 28.448111 
28.9 0.2 0.54983401 0.5 29.1 28.498112 
28.950001 0.2 0.54983401 0.5 29.15 28.548111 
29 0.2 0.54983401 0.5 29.200001 28.598112 
29.049999 0.2 0.54983401 0.5 29.25 28.648111 
29.1 0.2 0.54983401 0.5 29.299999 28.698111 
29.15 0.2 0.54983401 0.5 29.35 28.748112 
29.200001 0.2 0.54983401 0.5 29.4 28.798111 
29.25 0.2 0.54983401 0.5 29.450001 28.848112 
29.299999 0.2 0.54983401 0.5 29.5 28.898111 
29.35 0.2 0.54983401 0.5 29.549999 28.948111 
29.4 0.2 0.54983401 0.5 29.6 28.998112 
29.450001 0.2 0.54983401 0.5 29.65 29.048111 
29.5 0.2 0.54983401 0.5 29.700001 29.098112 
29.549999 0.2 0.54983401 0.5 29.75 29.148111 
29.6 0.2 0.54983401 0.5 29.799999 29.198111 
29.65 0.2 0.54983401 0.5 29.85 29.248112 
29.700001 0.2 0.54983401 0.5 29.9 29.298111 
29.75 0.2 0.54983401 0.5 29.950001 29.348112 
29.799999 0.2 0.54983401 0.5 30 29.398111 
29.85 0.2 0.54983401 0.5 30.049999 29.448111 
29.9 0.2 0.54983401 0.5 30.1 29.498112 
29.950001 0.2 0.54983401 0.5 30.15 29.548111 
30 0.2 0.54983401 0.5 30.200001 29.598112 
30.049999 0.2 0.54983401 0.5 30.25 29.648111 
30.1 0.2 0.54983401 0.5 30.299999 29.698111 
30.15 0.2 0.54983401 0.5 30.35 29.748112 
30.200001 0.2 0.54983401 0.5 30.4 29.798111 
30.25 0.2 0.54983401 0.5 30.450001 29.848112 
30.299999 0.2 0.54983401 0.5 30.5 29.898111 
30.35 0.2 0.54983401 0.5 30.549999 29.948111 
30.4 0.2 0.54983401 0.5 30.6 29.998112 
30.450001 0.2 0.54983401 0.5 30.65 30.048111 
30.5 0.2 0.54983401 0.5 30.700001 30.098112 
30.549999 0.2 0.54983401 0.5 30.75 30.148111 
30.6 0.2 0.54983401 0.5 30.799999 30.198111 
30.65 0.2 0.54983401 0.5 30.85 30.248112 
30.700001 0.2 0.54983401 0.5 30.9 30.298111 
30.75 0.2 0.54983401 0.5 30.950001 30.348112 
30.799999 0.2 0.54983401 0.5 31 30.398111 
30.85 0.2 0.54983401 0.5 31.049999 30.448111 
30.9 0.2 0.54983401 0.5 31.1 30.498112 
30.950001 0.2 0.54983401 0.5 31.15 30.548111 
31 0.2 0.54983401 0.5 31.200001 30.598112 
31.049999 0.2 0.54983401 0.5 31.25 30.648111 
31.1 0.2 0.54983401 0.5 31.299999 30.698111 
31.15 0.2 0.54983401 0.5 31.35 30.748112 
31.200001 0.2 0.54983401 0.5 31.4 30.798111 
31.25 0.2 0.54983401 0.5 31.450001 30.848112 
31.299999 0.2 0.54983401 0.5 31.5 30.898111 
31.35 0.2 0.54983401 0.5 31.549999 30.948111 
31.4 0.2 0.54983401 0.5 31.6 30.998112 
31.450001 0.2 0.54983401 0.5 31.65 31.048111 
31.5 0.2 0.54983401 0.5 31.700001 31.098112 
31.549999 0.2 0.54983401 0.5 31.75 31.148111 
31.6 0.2 0.54983401 0.5 31.799999 31.198111 
31.65 0.2 0.54983401 0.5 31.85 31.248112 
31.700001 0.2 0.54983401 0.5 31.9 31.298111 
31.75 0.2 0.54983401 0.5 31.950001 31.348112 
31.799999 0.2 0.54983401 0.5 32 31.398111 
31.85 0.2 0.54983401 0.5 32.049999 31.448111 
31.9 0.2 0.54983401 0.5 32.099998 31.498112 
31.950001 0.2 0.54983401 0.5 32.150002 31.548111 
32 0.2 0.54983401 0.5 32.200001 31.598112 
32.049999 0.2 0.54983401 0.5 32.25 31.648111 
32.099998 0.2 0.54983401 0.5 32.299999 31.698111 
32.150002 0.2 0.54983401 0.5 32.349998 31.748112 
32.200001 0.2 0.54983401 0.5 32.400002 31.798111 
32.25 0.2 0.54983401 0.5 32.450001 31.848112 
32.299999 0.2 0.54983401 0.5 32.5 31.898111 
32.349998 0.2 0.54983401 0.5 32.549999 31.948111 
32.400002 0.2 0.54983401 0.5 32.599998 31.998112 
32.450001 0.2 0.54983401 0.5 32.650002 32.048111 
32.5 0.2 0.54983401 0.5 32.700001 32.09811 
32.549999 0.2 0.54983401 0.5 32.75 32.148109 
32.599998 0.2 0.54983401 0.5 32.799999 32.198112 
32.650002 0.2 0.54983401 0.5 32.849998 32.248112 
32.700001 0.2 0.54983401 0.5 32.900002 32.298111 
32.75 0.2 0.54983401 0.5 32.950001 32.34811 
32.799999 0.2 0.54983401 0.5 33 32.398109 
32.849998 0.2 0.54983401 0.5 33.049999 32.448112 
32.900002 0.2 0.54983401 0.5 33.099998 32.498112 
32.950001 0.2 0.54983401 0.5 33.150002 32.548111 
33 0.2 0.54983401 0.5 33.200001 32.59811 
33.049999 0.2 0.54983401 0.5 33.25 32.648109 
33.099998 0.2 0.54983401 0.5 33.299999 32.698112 
33.150002 0.2 0.54983401 0.5 33.349998 32.748112 
33.200001 0.2 0.54983401 0.5 33.400002 32.798111 
33.25 0.2 0.54983401 0.5 33.450001 32.84811 
33.299999 0.2 0.54983401 0.5 33.5 32.898109 
33.349998 0.2 0.54983401 0.5 33.549999 32.948112 
33.400002 0.2 0.54983401 0.5 33.599998 32.998112 
33.450001 0.2 0.54983401 0.5 33.650002 33.048111 
33.5 0.2 0.54983401 0.5 33.700001 33.09811 
33.549999 0.2 0.54983401 0.5 33.75 33.148109 
33.599998 0.2 0.54983401 0.5 33.799999 33.198112 
33.650002 0.2 0.54983401 0.5 33.849998 33.248112 
33.700001 0.2 0.54983401 0.5 33.900002 33.298111 
33.75 0.2 0.54983401 0.5 33.950001 33.34811 
33.799999 0.2 0.54983401 0.5 34 33.398109 
33.849998 0.2 0.54983401 0.5 34.049999 33.448112 
33.900002 0.2 0.54983401 0.5 34.099998 33.498112 
33.950001 0.2 0.54983401 0.5 34.150002 33.548111 
34 0.2 0.54983401 0.5 34.200001 33.59811 
34.049999 0.2 0.54983401 0.5 34.25 33.648109 
34.099998 0.2 0.54983401 0.5 34.299999 33.698112 
34.150002 0.2 0.54983401 0.5 34.349998 33.748112 
34.200001 0.2 0.54983401 0.5 34.400002 33.798111 
34.25 0.2 0.54983401 0.5 34.450001 33.84811 
34.299999 0.2 0.54983401 0.5 34.5 33.898109 
34.349998 0.2 0.54983401 0.5 34.549999 33.948112 
34.400002 0.2 0.54983401 0.5 34.599998 33.998112 
34.450001 0.2 0.54983401 0.5 34.650002 34.048111 
34.5 0.2 0.54983401 0.5 34.700001 34.09811 
34.549999 0.2 0.54983401 0.5 34.75 34.148109 
34.599998 0.2 0.54983401 0.5 34.799999 34.198112 
34.650002 0.2 0.54983401 0.5 34.849998 34.248112 
34.700001 0.2 0.54983401 0.5 34.900002 34.298111 
34.75 0.2 0.54983401 0.5 34.950001 34.34811 
34.799999 0.2 0.54983401 0.5 35 34.398109 
34.849998 0.2 0.54983401 0.5 35.049999 34.448112 
34.900002 0.2 0.54983401 0.5 35.099998 34.498112 
34.950001 0.2 0.54983401 0.5 35.150002 34.548111 
35 0.2 0.54983401 0.5 35.200001 34.59811 
35.049999 0.2 0.54983401 0.5 35.25 34.648109 
35.099998 0.2 0.54983401 0.5 35.299999 34.698112 
35.150002 0.2 0.54983401 0.5 35.349998 34.748112 
35.200001 0.2 0.54983401 0.5 35.400002 34.798111 
35.25 0.2 0.54983401 0.5 35.450001 34.84811 
35.299999 0.2 0.54983401 0.5 35.5 34.898109 
35.349998 0.2 0.54983401 0.5 35.549999 34.948112 
35.400002 0.2 0.54983401 0.5 35.599998 34.998112 
35.450001 0.2 0.54983401 0.5 35.650002 35.048111 
35.5 0.2 0.54983401 0.5 35.700001 35.09811 
35.549999 0.2 0.54983401 0.5 35.75 35.148109 
35.599998 0.2 0.54983401 0.5 35.799999 35.198112 
35.650002 0.2 0.54983401 0.5 35.849998 35.248112 
35.700001 0.2 0.54983401 0.5 35.900002 35.298111 
35.75 0.2 0.54983401 0.5 35.950001 35.34811 
35.799999 0.2 0.54983401 0.5 36 35.398109 
35.849998 0.2 0.54983401 0.5 36.049999 35.448112 
35.900002 0.2 0.54983401 0.5 36.099998 35.498112 
35.950001 0.2 0.54983401 0.5 36.150002 35.548111 
36 0.2 0.54983401 0.5 36.200001 35.59811 
36.049999 0.2 0.54983401 0.5 36.25 35.648109 
36.099998 0.2 0.54983401 0.5 36.299999 35.698112 
36.150002 0.2 0.54983401 0.5 36.349998 35.748112 
36.200001 0.2 0.54983401 0.5 36.400002 35.798111 
36.25 0.2 0.54983401 0.5 36.450001 35.84811 
36.299999 0.2 0.54983401 0.5 36.5 35.898109 
36.349998 0.2 0.54983401 0.5 36.549999 35.948112 
36.400002 0.2 0.54983401 0.5 36.599998 35.998112 
36.450001 0.2 0.54983401 0.5 36.650002 36.048111 
36.5 0.2 0.54983401 0.5 36.700001 36.09811 
36.549999 0.2 0.54983401 0.5 36.75 36.148109 
36.599998 0.2 0.54983401 0.5 36.799999 36.198112 
36.650002 0.2 0.54983401 0.5 36.849998 36.248112 
36.700001 0.2 0.54983401 0.5 36.900002 36.298111 
36.75 0.2 0.54983401 0.5 36.950001 36.34811 
36.799999 0.2 0.54983401 0.5 37 36.398109 
36.849998 0.2 0.54983401 0.5 37.049999 36.448112 
36.900002 0.2 0.54983401 0.5 37.099998 36.498112 
36.950001 0.2 0.54983401 0.5 37.150002 36.548111 
37 0.2 0.54983401 0.5 37.200001 36.59811 
37.049999 0.2 0.54983401 0.5 37.25 36.648109 
37.099998 0.2 0.54983401 0.5 37.299999 36.698112 
37.150002 0.2 0.54983401 0.5 37.349998 36.748112 
37.200001 0.2 0.54983401 0.5 37.400002 36.798111 
37.25 0.2 0.54983401 0.5 37.450001 36.84811 
37.299999 0.2 0.54983401 0.5 37.5 36.898109 
37.349998 0.2 0.54983401 0.5 37.549999 36.948112 
37.400002 0.2 0.54983401 0.5 37.599998 36.998112 
37.450001 0.2 0.54983401 0.5 37.650002 37.048111 
37.5 0.2 0.54983401 0.5 37.700001 37.09811 
37.549999 0.2 0.54983401 0.5 37.75 37.148109 
37.599998 0.2 0.54983401 0.5 37.799999 37.198112 
37.650002 0.2 0.54983401 0.5 37.849998 37.248112 
37.700001 0.2 0.54983401 0.5 37.900002 37.298111 
37.75 0.2 0.54983401 0.5 37.950001 37.34811 
37.799999 0.2 0.54983401 0.5 38 37.398109 
37.849998 0.2 0.54983401 0.5 38.049999 37.448112 
37.900002 0.2 0.54983401 0.5 38.099998 37.498112 
37.950001 0.2 0.54983401 0.5 38.150002 37.548111 
38 0.2 0.54983401 0.5 38.200001 37.59811 
38.049999 0.2 0.54983401 0.5 38.25 37.648109 
38.099998 0.2 0.54983401 0.5 38.299999 37.698112 
38.150002 0.2 0.54983401 0.5 38.349998 37.748112 
38.200001 0.2 0.54983401 0.5 38.400002 37.798111 
38.25 0.2 0.54983401 0.5 38.450001 37.84811 
38.299999 0.2 0.54983401 0.5 38.5 37.898109 
38.349998 0.2 0.54983401 0.5 38.549999 37.948112 
38.400002 0.2 0.54983401 0.5 38.599998 37.998112 
38.450001 0.2 0.54983401 0.5 38.650002 38.048111 
38.5 0.2 0.54983401 0.5 38.700001 38.09811 
38.549999 0.2 0.54983401 0.5 38.75 38.148109 
38.599998 0.2 0.54983401 0.5 38.799999 38.198112 
38.650002 0.2 0.54983401 0.5 38.849998 38.248112 
38.700001 0.2 0.54983401 0.5 38.900002 38.298111 
38.75 0.2 0.54983401 0.5 38.950001 38.34811 
38.799999 0.2 0.54983401 0.5 39 38.398109 
38.849998 0.2 0.54983401 0.5 39.049999 38.448112 
38.900002 0.2 0.54983401 0.5 39.099998 38.498112 
38.950001 0.2 0.54983401 0.5 39.150002 38.548111 
39 0.2 0.54983401 0.5 39.200001 38.59811 
39.049999 0.2 0.54983401 0.5 39.25 38.648109 
39.099998 0.2 0.54983401 0.5 39.299999 38.698112 
39.150002 0.2 0.54983401 0.5 39.349998 38.748112 
39.200001 0.2 0.54983401 0.5 39.400002 38.798111 
39.25 0.2 0.54983401 0.5 39.450001 38.84811 
39.299999 0.2 0.54983401 0.5 39.5 38.898109 
39.349998 0.2 0.54983401 0.5 39.549999 38.948112 
39.400002 0.2 0.54983401 0.5 39.599998 38.998112 
39.450001 0.2 0.54983401 0.5 39.650002 39.048111 
39.5 0.2 0.54983401 0.5 39.700001 39.09811 
39.549999 0.2 0.54983401 0.5 39.75 39.148109 
39.599998 0.2 0.54983401 0.5 39.799999 39.198112 
39.650002 0.2 0.54983401 0.5 39.849998 39.248112 
39.700001 0.2 0.54983401 0.5 39.900002 39.298111 
39.75 0.2 0.54983401 0.5 39.950001 39.34811 
39.799999 0.2 0.54983401 0.5 40 39.398109 
39.849998 0.2 0.54983401 0.5 40.049999 39.448112 
39.900002 0.2 0.54983401 0.5 40.099998 39.498112 
39.950001 0.2 0.54983401 0.5 40.150002 39.548111 
40 0.2 0.54983401 0.5 40.200001 39.59811 
40.049999 0.2 0.54983401 0.5 40.25 39.648109 
40.099998 0.2 0.54983401 0.5 40.299999 39.698112 
40.150002 0.2 0.54983401 0.5 40.349998 39.748112 
40.200001 0.2 0.54983401 0.5 40.400002 39.798111 
40.25 0.2 0.54983401 0.5 40.450001 39.84811 
40.299999 0.2 0.54983401 0.5 40.5 39.898109 
40.349998 0.2 0.54983401 0.5 40.549999 39.948112 
40.400002 0.2 0.54983401 0.5 40.599998 39.998112 
40.450001 0.2 0.54983401 0.5 40.650002 40.048111 
40.5 0.2 0.54983401 0.5 40.700001 40.09811 
40.549999 0.2 0.54983401 0.5 40.75 40.148109 
40.599998 0.2 0.54983401 0.5 40.799999 40.198112 
40.650002 0.2 0.54983401 0.5 40.849998 40.248112 
40.700001 0.2 0.54983401 0.5 40.900002 40.298111 
40.75 0.2 0.54983401 0.5 40.950001 40.34811 
40.799999 0.2 0.54983401 0.5 41 40.398109 
40.849998 0.2 0.54983401 0.5 41.049999 40.448112 
40.900002 0.2 0.54983401 0.5 41.099998 40.498112 
40.950001 0.2 0.54983401 0.5 41.150002 40.548111 
41 0.2 0.54983401 0.5 41.200001 40.59811 
41.049999 0.2 0.54983401 0.5 41.25 40.648109 
41.099998 0.2 0.54983401 0.5 41.299999 40.698112 
41.150002 0.2 0.54983401 0.5 41.349998 40.748112 
41.200001 0.2 0.54983401 0.5 41.400002 40.798111 
41.25 0.2 0.54983401 0.5 41.450001 40.84811 
41.299999 0.2 0.54983401 0.5 41.5 40.898109 
41.349998 0.2 0.54983401 0.5 41.549999 40.948112 
41.400002 0.2 0.54983401 0.5 41.599998 40.998112 
41.450001 0.2 0.54983401 0.5 41.650002 41.048111 
41.5 0.2 0.54983401 0.5 41.700001 41.09811 
41.549999 0.2 0.54983401 0.5 41.75 41.148109 
41.599998 0.2 0.54983401 0.5 41.799999 41.198112 
41.650002 0.2 0.54983401 0.5 41.849998 41.248112 
41.700001 0.2 0.54983401 0.5 41.900002 41.298111 
41.75 0.2 0.54983401 0.5 41.950001 41.34811 
41.799999 0.2 0.54983401 0.5 42 41.398109 
41.849998 0.2 0.54983401 0.5 42.049999 41.448112 
41.900002 0.2 0.54983401 0.5 42.099998 41.498112 
41.950001 0.2 0.54983401 0.5 42.150002 41.548111 
42 0.2 0.54983401 0.5 42.200001 41.59811 
42.049999 0.2 0.54983401 0.5 42.25 41.648109 
42.099998 0.2 0.54983401 0.5 42.299999 41.698112 
42.150002 0.2 0.54983401 0.5 42.349998 41.748112 
42.200001 0.2 0.54983401 0.5 42.400002 41.798111 
42.25 0.2 0.54983401 0.5 42.450001 41.84811 
42.299999 0.2 0.54983401 0.5 42.5 41.898109 
42.349998 0.2 0.54983401 0.5 42.549999 41.948112 
42.400002 0.2 0.54983401 0.5 42.599998 41.998112 
42.450001 0.2 0.54983401 0.5 42.650002 42.048111 
42.5 0.2 0.54983401 0.5 42.700001 42.09811 
42.549999 0.2 0.54983401 0.5 42.75 42.148109 
42.599998 0.2 0.54983401 0.5 42.799999 42.198112 
42.650002 0.2 0.54983401 0.5 42.849998 42.248112 
42.700001 0.2 0.54983401 0.5 42.900002 42.298111 
42.75 0.2 0.54983401 0.5 42.950001 42.34811 
42.799999 0.2 0.54983401 0.5 43 42.398109 
42.849998 0.2 0.54983401 0.5 43.049999 42.448112 
42.900002 0.2 0.54983401 0.5 43.099998 42.498112 
42.950001 0.2 0.54983401 0.5 43.150002 42.548111 
43 0.2 0.54983401 0.5 43.200001 42.59811 
43.049999 0.2 0.54983401 0.5 43.25 42.648109 
43.099998 0.2 0.54983401 0.5 43.299999 42.698112 
43.150002 0.2 0.54983401 0.5 43.349998 42.748112 
43.200001 0.2 0.54983401 0.5 43.400002 42.798111 
43.25 0.2 0.54983401 0.5 43.450001 42.84811 
43.299999 0.2 0.54983401 0.5 43.5 42.898109 
43.349998 0.2 0.54983401 0.5 43.549999 42.948112 
43.400002 0.2 0.54983401 0.5 43.599998 42.998112 
43.450001 0.2 0.54983401 0.5 43.650002 43.048111 
43.5 0.2 0.54983401 0.5 43.700001 43.09811 
43.549999 0.2 0.54983401 0.5 43.75 43.148109 
43.599998 0.2 0.54983401 0.5 43.799999 43.198112 
43.650002 0.2 0.54983401 0.5 43.849998 43.248112 
43.700001 0.2 0.54983401 0.5 43.900002 43.298111 
43.75 0.2 0.54983401 0.5 43.950001 43.34811 
43.799999 0.2 0.54983401 0.5 44 43.398109 
43.849998 0.2 0.54983401 0.5 44.049999 43.448112 
43.900002 0.2 0.54983401 0.5 44.099998 43.498112 
43.950001 0.2 0.54983401 0.5 44.150002 43.548111 
44 0.2 0.54983401 0.5 44.200001 43.59811 
44.049999 0.2 0.54983401 0.5 44.25 43.648109 
44.099998 0.2 0.54983401 0.5 44.299999 43.698112 
44.150002 0.2 0.54983401 0.5 44.349998 43.748112 
44.200001 0.2 0.54983401 0.5 44.400002 43.798111 
44.25 0.2 0.54983401 0.5 44.450001 43.84811 
44.299999 0.2 0.54983401 0.5 44.5 43.898109 
44.349998 0.2 0.54983401 0.5 44.549999 43.948112 
44.400002 0.2 0.54983401 0.5 44.599998 43.998112 
44.450001 0.2 0.54983401 0.5 44.650002 44.048111 
44.5 0.2 0.54983401 0.5 44.700001 44.09811 
44.549999 0.2 0.54983401 0.5 44.75 44.148109 
44.599998 0.2 0.54983401 0.5 44.799999 44.198112 
44.650002 0.2 0.54983401 0.5 44.849998 44.248112 
44.700001 0.2 0.54983401 0.5 44.900002 44.298111 
44.75 0.2 0.54983401 0.5 44.950001 44.34811 
44.799999 0.2 0.54983401 0.5 45 44.398109 
44.849998 0.2 0.54983401 0.5 45.049999 44.448112 
44.900002 0.2 0.54983401 0.5 45.099998 44.498112 
44.950001 0.2 0.54983401 0.5 45.150002 44.548111 
45 0.2 0.54983401 0.5 45.200001 44.59811 
45.049999 0.2 0.54983401 0.5 45.25 44.648109 
45.099998 0.2 0.54983401 0.5 45.299999 44.698112 
45.150002 0.2 0.54983401 0.5 45.349998 44.748112 
45.200001 0.2 0.54983401 0.5 45.400002 44.798111 
45.25 0.2 0.54983401 0.5 45.450001 44.84811 
45.299999 0.2 0.54983401 0.5 45.5 44.898109 
45.349998 0.2 0.54983401 0.5 45.549999 44.948112 
45.400002 0.2 0.54983401 0.5 45.599998 44.998112 
45.450001 0.2 0.54983401 0.5 45.650002 45.048111 
45.5 0.2 0.54983401 0.5 45.700001 45.09811 
45.549999 0.2 0.54983401 0.5 45.75 45.148109 
45.599998 0.2 0.54983401 0.5 45.799999 45.198112 
45.650002 0.2 0.54983401 0.5 45.849998 45.248112 
45.700001 0.2 0.54983401 0.5 45.900002 45.298111 
45.75 0.2 0.54983401 0.5 45.950001 45.34811 
45.799999 0.2 0.54983401 0.5 46 45.398109 
45.849998 0.2 0.54983401 0.5 46.049999 45.448112 
45.900002 0.2 0.54983401 0.5 46.099998 45.498112 
45.950001 0.2 0.54983401 0.5 46.150002 45.548111 
46 0.2 0.54983401 0.5 46.200001 45.59811 
46.049999 0.2 0.54983401 0.5 46.25 45.648109 
46.099998 0.2 0.54983401 0.5 46.299999 45.698112 
46.150002 0.2 0.54983401 0.5 46.349998 45.748112 
46.200001 0.2 0.54983401 0.5 46.400002 45.798111 
46.25 0.2 0.54983401 0.5 46.450001 45.84811 
46.299999 0.2 0.54983401 0.5 46.5 45.898109 
46.349998 0.2 0.54983401 0.5 46.549999 45.948112 
46.400002 0.2 0.54983401 0.5 46.599998 45.998112 
46.450001 0.2 0.54983401 0.5 46.650002 46.048111 
46.5 0.2 0.54983401 0.5 46.700001 46.09811 
46.549999 0.2 0.54983401 0.5 46.75 46.148109 
46.599998 0.2 0.54983401 0.5 46.799999 46.198112 
46.650002 0.2 0.54983401 0.5 46.849998 46.248112 
46.700001 0.2 0.54983401 0.5 46.900002 46.298111 
46.75 0.2 0.54983401 0.5 46.950001 46.34811 
46.799999 0.2 0.54983401 0.5 47 46.398109 
46.849998 0.2 0.54983401 0.5 47.049999 46.448112 
46.900002 0.2 0.54983401 0.5 47.099998 46.498112 
46.950001 0.2 0.54983401 0.5 47.150002 46.548111 
47 0.2 0.54983401 0.5 47.200001 46.59811 
47.049999 0.2 0.54983401 0.5 47.25 46.648109 
47.099998 0.2 0.54983401 0.5 47.299999 46.698112 
47.150002 0.2 0.54983401 0.5 47.349998 46.748112 
47.200001 0.2 0.54983401 0.5 47.400002 46.798111 
47.25 0.2 0.54983401 0.5 47.450001 46.84811 
47.299999 0.2 0.54983401 0.5 47.5 46.898109 
47.349998 0.2 0.54983401 0.5 47.549999 46.948112 
47.400002 0.2 0.54983401 0.5 47.599998 46.998112 
47.450001 0.2 0.54983401 0.5 47.650002 47.048111 
47.5 0.2 0.54983401 0.5 47.700001 47.09811 
47.549999 0.2 0.54983401 0.5 47.75 47.148109 
47.599998 0.2 0.54983401 0.5 47.799999 47.198112 
47.650002 0.2 0.54983401 0.5 47.849998 47.248112 
47.700001 0.2 0.54983401 0.5 47.900002 47.298111 
47.75 0.2 0.54983401 0.5 47.950001 47.34811 
47.799999 0.2 0.54983401 0.5 48 47.398109 
47.849998 0.2 0.54983401 0.5 48.049999 47.448112 
47.900002 0.2 0.54983401 0.5 48.099998 47.498112 
47.950001 0.2 0.54983401 0.5 48.150002 47.548111 
48 0.2 0.54983401 0.5 48.200001 47.59811 
48.049999 0.2 0.54983401 0.5 48.25 47.648109 
48.099998 0.2 0.54983401 0.5 48.299999 47.698112 
48.150002 0.2 0.54983401 0.5 48.349998 47.748112 
48.200001 0.2 0.54983401 0.5 48.400002 47.798111 
48.25 0.2 0.54983401 0.5 48.450001 47.84811 
48.299999 0.2 0.54983401 0.5 48.5 47.898109 
48.349998 0.2 0.54983401 0.5 48.549999 47.948112 
48.400002 0.2 0.54983401 0.5 48.599998 47.998112 
48.450001 0.2 0.54983401 0.5 48.650002 48.048111 
48.5 0.2 0.54983401 0.5 48.700001 48.09811 
48.549999 0.2 0.54983401 0.5 48.75 48.148109 
48.599998 0.2 0.54983401 0.5 48.799999 48.198112 
48.650002 0.2 0.54983401 0.5 48.849998 48.248112 
48.700001 0.2 0.54983401 0.5 48.900002 48.298111 
48.75 0.2 0.54983401 0.5 48.950001 48.34811 
48.799999 0.2 0.54983401 0.5 49 48.398109 
48.849998 0.2 0.54983401 0.5 49.049999 48.448112 
48.900002 0.2 0.54983401 0.5 49.099998 48.498112 
48.950001 0.2 0.54983401 0.5 49.150002 48.548111 
49 0.2 0.54983401 0.5 49.200001 48.59811 
49.049999 0.2 0.54983401 0.5 49.25 48.648109 
49.099998 0.2 0.54983401 0.5 49.299999 48.698112 
49.150002 0.2 0.54983401 0.5 49.349998 48.748112 
49.200001 0.2 0.54983401 0.5 49.400002 48.798111 
49.25 0.2 0.54983401 0.5 49.450001 48.84811 
49.299999 0.2 0.54983401 0.5 49.5 48.898109 
49.349998 0.2 0.54983401 0.5 49.549999 48.948112 
49.400002 0.2 0.54983401 0.5 49.599998 48.998112 
49.450001 0.2 0.54983401 0.5 49.650002 49.048111 
49.5 0.2 0.54983401 0.5 49.700001 49.09811 
49.549999 0.2 0.54983401 0.5 49.75 49.148109 
49.599998 0.2 0.54983401 0.5 49.799999 49.198112 
49.650002 0.2 0.54983401 0.5 49.849998 49.248112 
49.700001 0.2 0.54983401 0.5 49.900002 49.298111 
49.75 0.2 0.54983401 0.5 49.950001 49.34811 
49.799999 0.2 0.54983401 0.5 50 49.398109 
49.849998 0.2 0.54983401 0.5 50.049999 49.448112 
49.900002 0.2 0.54983401 0.5 50.099998 49.498112 
49.950001 0.2 0.54983401 0.5 50.150002 49.548111 
50 0.2 0.54983401 0.5 50.200001 49.59811 
50.049999 0.2 0.54983401 0.5 50.25 49.648109 
50.099998 0.2 0.54983401 0.5 50.299999 49.698112 
50.150002 0.2 0.54983401 0.5 50.349998 49.748112 
50.200001 0.2 0.54983401 0.5 50.400002 49.798111 
50.25 0.2 0.54983401 0.5 50.450001 49.84811 
50.299999 0.2 0.54983401 0.5 50.5 49.898109 
50.349998 0.2 0.54983401 0.5 50.549999 49.948112 
50.400002 0.2 0.54983401 0.5 50.599998 49.998112 
50.450001 0.2 0.54983401 0.5 50.650002 50.048111 
50.5 0.2 0.54983401 0.5 50.700001 50.09811 
50.549999 0.2 0.54983401 0.5 50.75 50.148109 
50.599998 0.2 0.54983401 0.5 50.799999 50.198112 
50.650002 0.2 0.54983401 0.5 50.849998 50.248112 
50.700001 0.2 0.54983401 0.5 50.900002 50.298111 
50.75 0.2 0.54983401 0.5 50.950001 50.34811 
50.799999 0.2 0.54983401 0.5 51 50.398109 
50.849998 0.2 0.54983401 0.5 51.049999 50.448112 
50.900002 0.2 0.54983401 0.5 51.099998 50.498112 
50.950001 0.2 0.54983401 0.5 51.150002 50.548111 
51 0.2 0.54983401 0.5 51.200001 50.59811 
51.049999 0.2 0.54983401 0.5 51.25 50.648109 
51.099998 0.2 0.54983401 0.5 51.299999 50.698112 
51.150002 0.2 0.54983401 0.5 51.349998 50.748112 
51.200001 0.2 0.54983401 0.5 51.400002 50.798111 
51.25 0.2 0.54983401 0.5 51.450001 50.84811 
51.299999 0.2 0.54983401 0.5 51.5 50.898109 
51.349998 0.2 0.54983401 0.5 51.549999 50.948112 
51.400002 0.2 0.54983401 0.5 51.599998 50.998112 
51.450001 0.2 0.54983401 0.5 51.650002 51.048111 
51.5 0.2 0.54983401 0.5 51.700001 51.09811 
51.549999 0.2 0.54983401 0.5 51.75 51.148109 
51.599998 0.2 0.54983401 0.5 51.799999 51.198112 
51.650002 0.2 0.54983401 0.5 51.849998 51.248112 
51.700001 0.2 0.54983401 0.5 51.900002 51.298111 
51.75 0.2 0.54983401 0.5 51.950001 51.34811 
51.799999 0.2 0.54983401 0.5 52 51.398109 
51.849998 0.2 0.54983401 0.5 52.049999 51.448112 
51.900002 0.2 0.54983401 0.5 52.099998 51.498112 
51.950001 0.2 0.54983401 0.5 52.150002 51.548111 
52 0.2 0.54983401 0.5 52.200001 51.59811 
52.049999 0.2 0.54983401 0.5 52.25 51.648109 
52.099998 0.2 0.54983401 0.5 52.299999 51.698112 
52.150002 0.2 0.54983401 0.5 52.349998 51.748112 
52.200001 0.2 0.54983401 0.5 52.400002 51.798111 
52.25 0.2 0.54983401 0.5 52.450001 51.84811 
52.299999 0.2 0.54983401 0.5 52.5 51.898109 
52.349998 0.2 0.54983401 0.5 52.549999 51.948112 
52.400002 0.2 0.54983401 0.5 52.599998 51.998112 
52.450001 0.2 0.54983401 0.5 52.650002 52.048111 
52.5 0.2 0.54983401 0.5 52.700001 52.09811 
52.549999 0.2 0.54983401 0.5 52.75 52.148109 
52.599998 0.2 0.54983401 0.5 52.799999 52.198112 
52.650002 0.2 0.54983401 0.5 52.849998 52.248112 
52.700001 0.2 0.54983401 0.5 52.900002 52.298111 
52.75 0.2 0.54983401 0.5 52.950001 52.34811 
52.799999 0.2 0.54983401 0.5 53 52.398109 
52.849998 0.2 0.54983401 0.5 53.049999 52.448112 
52.900002 0.2 0.54983401 0.5 53.099998 52.498112 
52.950001 0.2 0.54983401 0.5 53.150002 52.548111 
53 0.2 0.54983401 0.5 53.200001 52.59811 
53.049999 0.2 0.54983401 0.5 53.25 52.648109 
53.099998 0.2 0.54983401 0.5 53.299999 52.698112 
53.150002 0.2 0.54983401 0.5 53.349998 52.748112 
53.200001 0.2 0.54983401 0.5 53.400002 52.798111 
53.25 0.2 0.54983401 0.5 53.450001 52.84811 
53.299999 0.2 0.54983401 0.5 53.5 52.898109 
53.349998 0.2 0.54983401 0.5 53.549999 52.948112 
53.400002 0.2 0.54983401 0.5 53.599998 52.998112 
53.450001 0.2 0.54983401 0.5 53.650002 53.048111 
53.5 0.2 0.54983401 0.5 53.700001 53.09811 
53.549999 0.2 0.54983401 0.5 53.75 53.148109 
53.599998 0.2 0.54983401 0.5 53.799999 53.198112 
53.650002 0.2 0.54983401 0.5 53.849998 53.248112 
53.700001 0.2 0.54983401 0.5 53.900002 53.298111 
53.75 0.2 0.54983401 0.5 53.950001 53.34811 
53.799999 0.2 0.54983401 0.5 54 53.398109 
53.849998 0.2 0.54983401 0.5 54.049999 53.448112 
53.900002 0.2 0.54983401 0.5 54.099998 53.498112 
53.950001 0.2 0.54983401 0.5 54.150002 53.548111 
54 0.2 0.54983401 0.5 54.200001 53.59811 
54.049999 0.2 0.54983401 0.5 54.25 53.648109 
54.099998 0.2 0.54983401 0.5 54.299999 53.698112 
54.150002 0.2 0.54983401 0.5 54.349998 53.748112 
54.200001 0.2 0.54983401 0.5 54.400002 53.798111 
54.25 0.2 0.54983401 0.5 54.450001 53.84811 
54.299999 0.2 0.54983401 0.5 54.5 53.898109 
54.349998 0.2 0.54983401 0.5 54.549999 53.948112 
54.400002 0.2 0.54983401 0.5 54.599998 53.998112 
54.450001 0.2 0.54983401 0.5 54.650002 54.048111 
54.5 0.2 0.54983401 0.5 54.700001 54.09811 
54.549999 0.2 0.54983401 0.5 54.75 54.148109 
54.599998 0.2 0.54983401 0.5 54.799999 54.198112 
54.650002 0.2 0.54983401 0.5 54.849998 54.248112 
54.700001 0.2 0.54983401 0.5 54.900002 54.298111 
54.75 0.2 0.54983401 0.5 54.950001 54.34811 
54.799999 0.2 0.54983401 0.5 55 54.398109 
54.849998 0.2 0.54983401 0.5 55.049999 54.448112 
54.900002 0.2 0.54983401 0.5 55.099998 54.498112 
54.950001 0.2 0.54983401 0.5 55.150002 54.548111 
55 0.2 0.54983401 0.5 55.200001 54.59811 
55.049999 0.2 0.54983401 0.5 55.25 54.648109 
55.099998 0.2 0.54983401 0.5 55.299999 54.698112 
55.150002 0.2 0.54983401 0.5 55.349998 54.748112 
55.200001 0.2 0.54983401 0.5 55.400002 54.798111 
55.25 0.2 0.54983401 0.5 55.450001 54.84811 
55.299999 0.2 0.54983401 0.5 55.5 54.898109 
55.349998 0.2 0.54983401 0.5 55.549999 54.948112 
55.400002 0.2 0.54983401 0.5 55.599998 54.998112 
55.450001 0.2 0.54983401 0.5 55.650002 55.048111 
55.5 0.2 0.54983401 0.5 55.700001 55.09811 
55.549999 0.2 0.54983401 0.5 55.75 55.148109 
55.599998 0.2 0.54983401 0.5 55.799999 55.198112 
55.650002 0.2 0.54983401 0.5 55.849998 55.248112 
55.700001 0.2 0.54983401 0.5 55.900002 55.298111 
55.75 0.2 0.54983401 0.5 55.950001 55.34811 
55.799999 0.2 0.54983401 0.5 56 55.398109 
55.849998 0.2 0.54983401 0.5 56.049999 55.448112 
55.900002 0.2 0.54983401 0.5 56.099998 55.498112 
55.950001 0.2 0.54983401 0.5 56.150002 55.548111 
56 0.2 0.54983401 0.5 56.200001 55.59811 
56.049999 0.2 0.54983401 0.5 56.25 55.648109 
56.099998 0.2 0.54983401 0.5 56.299999 55.698112 
56.150002 0.2 0.54983401 0.5 56.349998 55.748112 
56.200001 0.2 0.54983401 0.5 56.400002 55.798111 
56.25 0.2 0.54983401 0.5 56.450001 55.84811 
56.299999 0.2 0.54983401 0.5 56.5 55.898109 
56.349998 0.2 0.54983401 0.5 56.549999 55.948112 
56.400002 0.2 0.54983401 0.5 56.599998 55.998112 
56.450001 0.2 0.54983401 0.5 56.650002 56.048111 
56.5 0.2 0.54983401 0.5 56.700001 56.09811 
56.549999 0.2 0.54983401 0.5 56.75 56.148109 
56.599998 0.2 0.54983401 0.5 56.799999 56.198112 
56.650002 0.2 0.54983401 0.5 56.849998 56.248112 
56.700001 0.2 0.54983401 0.5 56.900002 56.298111 
56.75 0.2 0.54983401 0.5 56.950001 56.34811 
56.799999 0.2 0.54983401 0.5 57 56.398109 
56.849998 0.2 0.54983401 0.5 57.049999 56.448112 
56.900002 0.2 0.54983401 0.5 57.099998 56.498112 
56.950001 0.2 0.54983401 0.5 57.150002 56.548111 
57 0.2 0.54983401 0.5 57.200001 56.59811 
57.049999 0.2 0.54983401 0.5 57.25 56.648109 
57.099998 0.2 0.54983401 0.5 57.299999 56.698112 
57.150002 0.2 0.54983401 0.5 57.349998 56.748112 
57.200001 0.2 0.54983401 0.5 57.400002 56.798111 
57.25 0.2 0.54983401 0.5 57.450001 56.84811 
57.299999 0.2 0.54983401 0.5 57.5 56.898109 
57.349998 0.2 0.54983401 0.5 57.549999 56.948112 
57.400002 0.2 0.54983401 0.5 57.599998 56.998112 
57.450001 0.2 0.54983401 0.5 57.650002 57.048111 
57.5 0.2 0.54983401 0.5 57.700001 57.09811 
57.549999 0.2 0.54983401 0.5 57.75 57.148109 
57.599998 0.2 0.54983401 0.5 57.799999 57.198112 
57.650002 0.2 0.54983401 0.5 57.849998 57.248112 
57.700001 0.2 0.54983401 0.5 57.900002 57.298111 
57.75 0.2 0.54983401 0.5 57.950001 57.34811 
57.799999 0.2 0.54983401 0.5 58 57.398109 
57.849998 0.2 0.54983401 0.5 58.049999 57.448112 
57.900002 0.2 0.54983401 0.5 58.099998 57.498112 
57.950001 0.2 0.54983401 0.5 58.150002 57.548111 
58 0.2 0.54983401 0.5 58.200001 57.59811 
58.049999 0.2 0.54983401 0.5 58.25 57.648109 
58.099998 0.2 0.54983401 0.5 58.299999 57.698112 
58.150002 0.2 0.54983401 0.5 58.349998 57.748112 
58.200001 0.2 0.54983401 0.5 58.400002 57.798111 
58.25 0.2 0.54983401 0.5 58.450001 57.84811 
58.299999 0.2 0.54983401 0.5 58.5 57.898109 
58.349998 0.2 0.54983401 0.5 58.549999 57.948112 
58.400002 0.2 0.54983401 0.5 58.599998 57.998112 
58.450001 0.2 0.54983401 0.5 58.650002 58.048111 
58.5 0.2 0.54983401 0.5 58.700001 58.09811 
58.549999 0.2 0.54983401 0.5 58.75 58.148109 
58.599998 0.2 0.54983401 0.5 58.799999 58.198112 
58.650002 0.2 0.54983401 0.5 58.849998 58.248112 
58.700001 0.2 0.54983401 0.5 58.900002 58.298111 
58.75 0.2 0.54983401 0.5 58.950001 58.34811 
58.799999 0.2 0.54983401 0.5 59 58.398109 
58.849998 0.2 0.54983401 0.5 59.049999 58.448112 
58.900002 0.2 0.54983401 0.5 59.099998 58.498112 
58.950001 0.2 0.54983401 0.5 59.150002 58.548111 
59 0.2 0.54983401 0.5 59.200001 58.59811 
59.049999 0.2 0.54983401 0.5 59.25 58.648109 
59.099998 0.2 0.54983401 0.5 59.299999 58.698112 
59.150002 0.2 0.54983401 0.5 59.349998 58.748112 
59.200001 0.2 0.54983401 0.5 59.400002 58.798111 
59.25 0.2 0.54983401 0.5 59.450001 58.84811 
59.299999 0.2 0.54983401 0.5 59.5 58.898109 
59.349998 0.2 0.54983401 0.5 59.549999 58.948112 
59.400002 0.2 0.54983401 0.5 59.599998 58.998112 
59.450001 0.2 0.54983401 0.5 59.650002 59.048111 
59.5 0.2 0.54983401 0.5 59.700001 59.09811 
59.549999 0.2 0.54983401 0.5 59.75 59.148109 
59.599998 0.2 0.54983401 0.5 59.799999 59.198112 
59.650002 0.2 0.54983401 0.5 59.849998 59.248112 
59.700001 0.2 0.54983401 0.5 59.900002 59.298111 
59.75 0.2 0.54983401 0.5 59.950001 59.34811 
59.799999 0.2 0.54983401 0.5 60 59.398109 
59.849998 0.2 0.54983401 0.5 60.049999 59.448112 
59.900002 0.2 0.54983401 0.5 60.099998 59.498112 
59.950001 0.2 0.54983401 0.5 60.150002 59.548111 
60 0.2 0.54983401 0.5 60.200001 59.59811 
60.049999 0.2 0.54983401 0.5 60.25 59.648109 
60.099998 0.2 0.54983401 0.5 60.299999 59.698112 
60.150002 0.2 0.54983401 0.5 60.349998 59.748112 
60.200001 0.2 0.54983401 0.5 60.400002 59.798111 
60.25 0.2 0.54983401 0.5 60.450001 59.84811 
60.299999 0.2 0.54983401 0.5 60.5 59.898109 
60.349998 0.2 0.54983401 0.5 60.549999 59.948112 
60.400002 0.2 0.54983401 0.5 60.599998 59.998112 
60.450001 0.2 0.54983401 0.5 60.650002 60.048111 
60.5 0.2 0.54983401 0.5 60.700001 60.09811 
60.549999 0.2 0.54983401 0.5 60.75 60.148109 
60.599998 0.2 0.54983401 0.5 60.799999 60.198112 
60.650002 0.2 0.54983401 0.5 60.849998 60.248112 
60.700001 0.2 0.54983401 0.5 60.900002 60.298111 
60.75 0.2 0.54983401 0.5 60.950001 60.34811 
60.799999 0.2 0.54983401 0.5 61 60.398109 
60.849998 0.2 0.54983401 0.5 61.049999 60.448112 
60.900002 0.2 0.54983401 0.5 61.099998 60.498112 
60.950001 0.2 0.54983401 0.5 61.150002 60.548111 
61 0.2 0.54983401 0.5 61.200001 60.59811 
61.049999 0.2 0.54983401 0.5 61.25 60.648109 
61.099998 0.2 0.54983401 0.5 61.299999 60.698112 
61.150002 0.2 0.54983401 0.5 61.349998 60.748112 
61.200001 0.2 0.54983401 0.5 61.400002 60.798111 
61.25 0.2 0.54983401 0.5 61.450001 60.84811 
61.299999 0.2 0.54983401 0.5 61.5 60.898109 
61.349998 0.2 0.54983401 0.5 61.549999 60.948112 
61.400002 0.2 0.54983401 0.5 61.599998 60.998112 
61.450001 0.2 0.54983401 0.5 61.650002 61.048111 
61.5 0.2 0.54983401 0.5 61.700001 61.09811 
61.549999 0.2 0.54983401 0.5 61.75 61.148109 
61.599998 0.2 0.54983401 0.5 61.799999 61.198112 
61.650002 0.2 0.54983401 0.5 61.849998 61.248112 
61.700001 0.2 0.54983401 0.5 61.900002 61.298111 
61.75 0.2 0.54983401 0.5 61.950001 61.34811 
61.799999 0.2 0.54983401 0.5 62 61.398109 
61.849998 0.2 0.54983401 0.5 62.049999 61.448112 
61.900002 0.2 0.54983401 0.5 62.099998 61.498112 
61.950001 0.2 0.54983401 0.5 62.150002 61.548111 
62 0.2 0.54983401 0.5 62.200001 61.59811 
62.049999 0.2 0.54983401 0.5 62.25 61.648109 
62.099998 0.2 0.54983401 0.5 62.299999 61.698112 
62.150002 0.2 0.54983401 0.5 62.349998 61.748112 
62.200001 0.2 0.54983401 0.5 62.400002 61.798111 
62.25 0.2 0.54983401 0.5 62.450001 61.84811 
62.299999 0.2 0.54983401 0.5 62.5 61.898109 
62.349998 0.2 0.54983401 0.5 62.549999 61.948112 
62.400002 0.2 0.54983401 0.5 62.599998 61.998112 
62.450001 0.2 0.54983401 0.5 62.650002 62.048111 
62.5 0.2 0.54983401 0.5 62.700001 62.09811 
62.549999 0.2 0.54983401 0.5 62.75 62.148109 
62.599998 0.2 0.54983401 0.5 62.799999 62.198112 
62.650002 0.2 0.54983401 0.5 62.849998 62.248112 
62.700001 0.2 0.54983401 0.5 62.900002 62.298111 
62.75 0.2 0.54983401 0.5 62.950001 62.34811 
62.799999 0.2 0.54983401 0.5 63 62.398109 
62.849998 0.2 0.54983401 0.5 63.049999 62.448112 
62.900002 0.2 0.54983401 0.5 63.099998 62.498112 
62.950001 0.2 0.54983401 0.5 63.150002 62.548111 
63 0.2 0.54983401 0.5 63.200001 62.59811 
63.049999 0.2 0.54983401 0.5 63.25 62.648109 
63.099998 0.2 0.54983401 0.5 63.299999 62.698112 
63.150002 0.2 0.54983401 0.5 63.349998 62.748112 
63.200001 0.2 0.54983401 0.5 63.400002 62.798111 
63.25 0.2 0.54983401 0.5 63.450001 62.84811 
63.299999 0.2 0.54983401 0.5 63.5 62.898109 
63.349998 0.2 0.54983401 0.5 63.549999 62.948112 
63.400002 0.2 0.54983401 0.5 63.599998 62.998112 
63.450001 0.2 0.54983401 0.5 63.650002 63.048111 
63.5 0.2 0.54983401 0.5 63.700001 63.09811 
63.549999 0.2 0.54983401 0.5 63.75 63.148109 
63.599998 0.2 0.54983401 0.5 63.799999 63.198112 
63.650002 0.2 0.54983401 0.5 63.849998 63.248112 
63.700001 0.2 0.54983401 0.5 63.900002 63.298111 
63.75 0.2 0.54983401 0.5 63.950001 63.34811 
63.799999 0.2 0.54983401 0.5 64 63.398109 
63.849998 0.2 0.54983401 0.5 64.050003 63.448112 
63.900002 0.2 0.54983401 0.5 64.099998 63.498112 
63.950001 0.2 0.54983401 0.5 64.150002 63.548111 
64 0.2 0.54983401 0.5 64.199997 63.59811 
64.050003 0.2 0.54983401 0.5 64.25 63.648109 
64.099998 0.2 0.54983401 0.5 64.300003 63.698112 
64.150002 0.2 0.54983401 0.5 64.349998 63.748112 
64.199997 0.2 0.54983401 0.5 64.400002 63.798111 
64.25 0.2 0.54983401 0.5 64.449997 63.84811 
64.300003 0.2 0.54983401 0.5 64.5 63.898109 
64.349998 0.2 0.54983401 0.5 64.550003 63.948112 
64.400002 0.2 0.54983401 0.5 64.599998 63.998112 
64.449997 0.2 0.54983401 0.5 64.650002 64.048111 
64.5 0.2 0.54983401 0.5 64.699997 64.098114 
64.550003 0.2 0.54983401 0.5 64.75 64.148109 
64.599998 0.2 0.54983401 0.5 64.800003 64.198112 
64.650002 0.2 0.54983401 0.5 64.849998 64.248108 
64.699997 0.2 0.54983401 0.5 64.900002 64.298111 
64.75 0.2 0.54983401 0.5 64.949997 64.348114 
64.800003 0.2 0.54983401 0.5 65 64.398109 
64.849998 0.2 0.54983401 0.5 65.050003 64.448112 
64.900002 0.2 0.54983401 0.5 65.099998 64.498108 
64.949997 0.2 0.54983401 0.5 65.150002 64.548111 
65 0.2 0.54983401 0.5 65.199997 64.598114 
65.050003 0.2 0.54983401 0.5 65.25 64.648109 
65.099998 0.2 0.54983401 0.5 65.300003 64.698112 
65.150002 0.2 0.54983401 0.5 65.349998 64.748108 
65.199997 0.2 0.54983401 0.5 65.400002 64.798111 
65.25 0.2 0.54983401 0.5 65.449997 64.848114 
65.300003 0.2 0.54983401 0.5 65.5 64.898109 
65.349998 0.2 0.54983401 0.5 65.550003 64.948112 
65.400002 0.2 0.54983401 0.5 65.599998 64.998108 
65.449997 0.2 0.54983401 0.5 65.650002 65.048111 
65.5 0.2 0.54983401 0.5 65.699997 65.098114 
65.550003 0.2 0.54983401 0.5 65.75 65.148109 
65.599998 0.2 0.54983401 0.5 65.800003 65.198112 
65.650002 0.2 0.54983401 0.5 65.849998 65.248108 
65.699997 0.2 0.54983401 0.5 65.900002 65.298111 
65.75 0.2 0.54983401 0.5 65.949997 65.348114 
65.800003 0.2 0.54983401 0.5 66 65.398109 
65.849998 0.2 0.54983401 0.5 66.050003 65.448112 
65.900002 0.2 0.54983401 0.5 66.099998 65.498108 
65.949997 0.2 0.54983401 0.5 66.150002 65.548111 
66 0.2 0.54983401 0.5 66.199997 65.598114 
66.050003 0.2 0.54983401 0.5 66.25 65.648109 
66.099998 0.2 0.54983401 0.5 66.300003 65.698112 
66.150002 0.2 0.54983401 0.5 66.349998 65.748108 
66.199997 0.2 0.54983401 0.5 66.400002 65.798111 
66.25 0.2 0.54983401 0.5 66.449997 65.848114 
66.300003 0.2 0.54983401 0.5 66.5 65.898109 
66.349998 0.2 0.54983401 0.5 66.550003 65.948112 
66.400002 0.2 0.54983401 0.5 66.599998 65.998108 
66.449997 0.2 0.54983401 0.5 66.650002 66.048111 
66.5 0.2 0.54983401 0.5 66.699997 66.098114 
66.550003 0.2 0.54983401 0.5 66.75 66.148109 
66.599998 0.2 0.54983401 0.5 66.800003 66.198112 
66.650002 0.2 0.54983401 0.5 66.849998 66.248108 
66.699997 0.2 0.54983401 0.5 66.900002 66.298111 
66.75 0.2 0.54983401 0.5 66.949997 66.348114 
66.800003 0.2 0.54983401 0.5 67 66.398109 
66.849998 0.2 0.54983401 0.5 67.050003 66.448112 
66.900002 0.2 0.54983401 0.5 67.099998 66.498108 
66.949997 0.2 0.54983401 0.5 67.150002 66.548111 
67 0.2 0.54983401 0.5 67.199997 66.598114 
67.050003 0.2 0.54983401 0.5 67.25 66.648109 
67.099998 0.2 0.54983401 0.5 67.300003 66.698112 
67.150002 0.2 0.54983401 0.5 67.349998 66.748108 
67.199997 0.2 0.54983401 0.5 67.400002 66.798111 
67.25 0.2 0.54983401 0.5 67.449997 66.848114 
67.300003 0.2 0.54983401 0.5 67.5 66.898109 
67.349998 0.2 0.54983401 0.5 67.550003 66.948112 
67.400002 0.2 0.54983401 0.5 67.599998 66.998108 
67.449997 0.2 0.54983401 0.5 67.650002 67.048111 
67.5 0.2 0.54983401 0.5 67.699997 67.098114 
67.550003 0.2 0.54983401 0.5 67.75 67.148109 
67.599998 0.2 0.54983401 0.5 67.800003 67.198112 
67.650002 0.2 0.54983401 0.5 67.849998 67.248108 
67.699997 0.2 0.54983401 0.5 67.900002 67.298111 
67.75 0.2 0.54983401 0.5 67.949997 67.348114 
67.800003 0.2 0.54983401 0.5 68 67.398109 
67.849998 0.2 0.54983401 0.5 68.050003 67.448112 
67.900002 0.2 0.54983401 0.5 68.099998 67.498108 
67.949997 0.2 0.54983401 0.5 68.150002 67.548111 
68 0.2 0.54983401 0.5 68.199997 67.598114 
68.050003 0.2 0.54983401 0.5 68.25 67.648109 
68.099998 0.2 0.54983401 0.5 68.300003 67.698112 
68.150002 0.2 0.54983401 0.5 68.349998 67.748108 
68.199997 0.2 0.54983401 0.5 68.400002 67.798111 
68.25 0.2 0.54983401 0.5 68.449997 67.848114 
68.300003 0.2 0.54983401 0.5 68.5 67.898109 
68.349998 0.2 0.54983401 0.5 68.550003 67.948112 
68.400002 0.2 0.54983401 0.5 68.599998 67.998108 
68.449997 0.2 0.54983401 0.5 68.650002 68.048111 
68.5 0.2 0.54983401 0.5 68.699997 68.098114 
68.550003 0.2 0.54983401 0.5 68.75 68.148109 
68.599998 0.2 0.54983401 0.5 68.800003 68.198112 
68.650002 0.2 0.54983401 0.5 68.849998 68.248108 
68.699997 0.2 0.54983401 0.5 68.900002 68.298111 
68.75 0.2 0.54983401 0.5 68.949997 68.348114 
68.800003 0.2 0.54983401 0.5 69 68.398109 
68.849998 0.2 0.54983401 0.5 69.050003 68.448112 
68.900002 0.2 0.54983401 0.5 69.099998 68.498108 
68.949997 0.2 0.54983401 0.5 69.150002 68.548111 
69 0.2 0.54983401 0.5 69.199997 68.598114 
69.050003 0.2 0.54983401 0.5 69.25 68.648109 
69.099998 0.2 0.54983401 0.5 69.300003 68.698112 
69.150002 0.2 0.54983401 0.5 69.349998 68.748108 
69.199997 0.2 0.54983401 0.5 69.400002 68.798111 
69.25 0.2 0.54983401 0.5 69.449997 68.848114 
69.300003 0.2 0.54983401 0.5 69.5 68.898109 
69.349998 0.2 0.54983401 0.5 69.550003 68.948112 
69.400002 0.2 0.54983401 0.5 69.599998 68.998108 
69.449997 0.2 0.54983401 0.5 69.650002 69.048111 
69.5 0.2 0.54983401 0.5 69.699997 69.098114 
69.550003 0.2 0.54983401 0.5 69.75 69.148109 
69.599998 0.2 0.54983401 0.5 69.800003 69.198112 
69.650002 0.2 0.54983401 0.5 69.849998 69.248108 
69.699997 0.2 0.54983401 0.5 69.900002 69.298111 
69.75 0.2 0.54983401 0.5 69.949997 69.348114 
69.800003 0.2 0.54983401 0.5 70 69.398109 
69.849998 0.2 0.54983401 0.5 70.050003 69.448112 
69.900002 0.2 0.54983401 0.5 70.099998 69.498108 
69.949997 0.2 0.54983401 0.5 70.150002 69.548111 
70 0.2 0.54983401 0.5 70.199997 69.598114 
70.050003 0.2 0.54983401 0.5 70.25 69.648109 
70.099998 0.2 0.54983401 0.5 70.300003 69.698112 
70.150002 0.2 0.54983401 0.5 70.349998 69.748108 
70.199997 0.2 0.54983401 0.5 70.400002 69.798111 
70.25 0.2 0.54983401 0.5 70.449997 69.848114 
70.300003 0.2 0.54983401 0.5 70.5 69.898109 
70.349998 0.2 0.54983401 0.5 70.550003 69.948112 
70.400002 0.2 0.54983401 0.5 70.599998 69.998108 
70.449997 0.2 0.54983401 0.5 70.650002 70.048111 
70.5 0.2 0.54983401 0.5 70.699997 70.098114 
70.550003 0.2 0.54983401 0.5 70.75 70.148109 
70.599998 0.2 0.54983401 0.5 70.800003 70.198112 
70.650002 0.2 0.54983401 0.5 70.849998 70.248108 
70.699997 0.2 0.54983401 0.5 70.900002 70.298111 
70.75 0.2 0.54983401 0.5 70.949997 70.348114 
70.800003 0.2 0.54983401 0.5 71 70.398109 
70.849998 0.2 0.54983401 0.5 71.050003 70.448112 
70.900002 0.2 0.54983401 0.5 71.099998 70.498108 
70.949997 0.2 0.54983401 0.5 71.150002 70.548111 
71 0.2 0.54983401 0.5 71.199997 70.598114 
71.050003 0.2 0.54983401 0.5 71.25 70.648109 
71.099998 0.2 0.54983401 0.5 71.300003 70.698112 
71.150002 0.2 0.54983401 0.5 71.349998 70.748108 
71.199997 0.2 0.54983401 0.5 71.400002 70.798111 
71.25 0.2 0.54983401 0.5 71.449997 70.848114 
71.300003 0.2 0.54983401 0.5 71.5 70.898109 
71.349998 0.2 0.54983401 0.5 71.550003 70.948112 
71.400002 0.2 0.54983401 0.5 71.599998 70.998108 
71.449997 0.2 0.54983401 0.5 71.650002 71.048111 
71.5 0.2 0.54983401 0.5 71.699997 71.098114 
71.550003 0.2 0.54983401 0.5 71.75 71.148109 
71.599998 0.2 0.54983401 0.5 71.800003 71.198112 
71.650002 0.2 0.54983401 0.5 71.849998 71.248108 
71.699997 0.2 0.54983401 0.5 71.900002 71.298111 
71.75 0.2 0.54983401 0.5 71.949997 71.348114 
71.800003 0.2 0.54983401 0.5 72 71.398109 
71.849998 0.2 0.54983401 0.5 72.050003 71.448112 
71.900002 0.2 0.54983401 0.5 72.099998 71.498108 
71.949997 0.2 0.54983401 0.5 72.150002 71.548111 
72 0.2 0.54983401 0.5 72.199997 71.598114 
72.050003 0.2 0.54983401 0.5 72.25 71.648109 
72.099998 0.2 0.54983401 0.5 72.300003 71.698112 
72.150002 0.2 0.54983401 0.5 72.349998 71.748108 
72.199997 0.2 0.54983401 0.5 72.400002 71.798111 
72.25 0.2 0.54983401 0.5 72.449997 71.848114 
72.300003 0.2 0.54983401 0.5 72.5 71.898109 
72.349998 0.2 0.54983401 0.5 72.550003 71.948112 
72.400002 0.2 0.54983401 0.5 72.599998 71.998108 
72.449997 0.2 0.54983401 0.5 72.650002 72.048111 
72.5 0.2 0.54983401 0.5 72.699997 72.098114 
72.550003 0.2 0.54983401 0.5 72.75 72.148109 
72.599998 0.2 0.54983401 0.5 72.800003 72.198112 
72.650002 0.2 0.54983401 0.5 72.849998 72.248108 
72.699997 0.2 0.54983401 0.5 72.900002 72.298111 
72.75 0.2 0.54983401 0.5 72.949997 72.348114 
72.800003 0.2 0.54983401 0.5 73 72.398109 
72.849998 0.2 0.54983401 0.5 73.050003 72.448112 
72.900002 0.2 0.54983401 0.5 73.099998 72.498108 
72.949997 0.2 0.54983401 0.5 73.150002 72.548111 
73 0.2 0.54983401 0.5 73.199997 72.598114 
73.050003 0.2 0.54983401 0.5 73.25 72.648109 
73.099998 0.2 0.54983401 0.5 73.300003 72.698112 
73.150002 0.2 0.54983401 0.5 73.349998 72.748108 
73.199997 0.2 0.54983401 0.5 73.400002 72.798111 
73.25 0.2 0.54983401 0.5 73.449997 72.848114 
73.300003 0.2 0.54983401 0.5 73.5 72.898109 
73.349998 0.2 0.54983401 0.5 73.550003 72.948112 
73.400002 0.2 0.54983401 0.5 73.599998 72.998108 
73.449997 0.2 0.54983401 0.5 73.650002 73.048111 
73.5 0.2 0.54983401 0.5 73.699997 73.098114 
73.550003 0.2 0.54983401 0.5 73.75 73.148109 
73.599998 0.2 0.54983401 0.5 73.800003 73.198112 
73.650002 0.2 0.54983401 0.5 73.849998 73.248108 
73.699997 0.2 0.54983401 0.5 73.900002 73.298111 
73.75 0.2 0.54983401 0.5 73.949997 73.348114 
73.800003 0.2 0.54983401 0.5 74 73.398109 
73.849998 0.2 0.54983401 0.5 74.050003 73.448112 
73.900002 0.2 0.54983401 0.5 74.099998 73.498108 
73.949997 0.2 0.54983401 0.5 74.150002 73.548111 
74 0.2 0.54983401 0.5 74.199997 73.598114 
74.050003 0.2 0.54983401 0.5 74.25 73.648109 
74.099998 0.2 0.54983401 0.5 74.300003 73.698112 
74.150002 0.2 0.54983401 0.5 74.349998 73.748108 
74.199997 0.2 0.54983401 0.5 74.400002 73.798111 
74.25 0.2 0.54983401 0.5 74.449997 73.848114 
74.300003 0.2 0.54983401 0.5 74.5 73.898109 
74.349998 0.2 0.54983401 0.5 74.550003 73.948112 
74.400002 0.2 0.54983401 0.5 74.599998 73.998108 
74.449997 0.2 0.54983401 0.5 74.650002 74.048111 
74.5 0.2 0.54983401 0.5 74.699997 74.098114 
74.550003 0.2 0.54983401 0.5 74.75 74.148109 
74.599998 0.2 0.54983401 0.5 74.800003 74.198112 
74.650002 0.2 0.54983401 0.5 74.849998 74.248108 
74.699997 0.2 0.54983401 0.5 74.900002 74.298111 
74.75 0.2 0.54983401 0.5 74.949997 74.348114 
74.800003 0.2 0.54983401 0.5 75 74.398109 
74.849998 0.2 0.54983401 0.5 75.050003 74.448112 
74.900002 0.2 0.54983401 0.5 75.099998 74.498108 
74.949997 0.2 0.54983401 0.5 75.150002 74.548111 
75 0.2 0.54983401 0.5 75.199997 74.598114 
75.050003 0.2 0.54983401 0.5 75.25 74.648109 
75.099998 0.2 0.54983401 0.5 75.300003 74.698112 
75.150002 0.2 0.54983401 0.5 75.349998 74.748108 
75.199997 0.2 0.54983401 0.5 75.400002 74.798111 
75.25 0.2 0.54983401 0.5 75.449997 74.848114 
75.300003 0.2 0.54983401 0.5 75.5 74.898109 
75.349998 0.2 0.54983401 0.5 75.550003 74.948112 
75.400002 0.2 0.54983401 0.5 75.599998 74.998108 
75.449997 0.2 0.54983401 0.5 75.650002 75.048111 
75.5 0.2 0.54983401 0.5 75.699997 75.098114 
75.550003 0.2 0.54983401 0.5 75.75 75.148109 
75.599998 0.2 0.54983401 0.5 75.800003 75.198112 
75.650002 0.2 0.54983401 0.5 75.849998 75.248108 
75.699997 0.2 0.54983401 0.5 75.900002 75.298111 
75.75 0.2 0.54983401 0.5 75.949997 75.348114 
75.800003 0.2 0.54983401 0.5 76 75.398109 
75.849998 0.2 0.54983401 0.5 76.050003 75.448112 
75.900002 0.2 0.54983401 0.5 76.099998 75.498108 
75.949997 0.2 0.54983401 0.5 76.150002 75.548111 
76 0.2 0.54983401 0.5 76.199997 75.598114 
76.050003 0.2 0.54983401 0.5 76.25 75.648109 
76.099998 0.2 0.54983401 0.5 76.300003 75.698112 
76.150002 0.2 0.54983401 0.5 76.349998 75.748108 
76.199997 0.2 0.54983401 0.5 76.400002 75.798111 
76.25 0.2 0.54983401 0.5 76.449997 75.848114 
76.300003 0.2 0.54983401 0.5 76.5 75.898109 
76.349998 0.2 0.54983401 0.5 76.550003 75.948112 
76.400002 0.2 0.54983401 0.5 76.599998 75.998108 
76.449997 0.2 0.54983401 0.5 76.650002 76.048111 
76.5 0.2 0.54983401 0.5 76.699997 76.098114 
76.550003 0.2 0.54983401 0.5 76.75 76.148109 
76.599998 0.2 0.54983401 0.5 76.800003 76.198112 
76.650002 0.2 0.54983401 0.5 76.849998 76.248108 
76.699997 0.2 0.54983401 0.5 76.900002 76.298111 
76.75 0.2 0.54983401 0.5 76.949997 76.348114 
76.800003 0.2 0.54983401 0.5 77 76.398109 
76.849998 0.2 0.54983401 0.5 77.050003 76.448112 
76.900002 0.2 0.54983401 0.5 77.099998 76.498108 
76.949997 0.2 0.54983401 0.5 77.150002 76.548111 
77 0.2 0.54983401 0.5 77.199997 76.598114 
77.050003 0.2 0.54983401 0.5 77.25 76.648109 
77.099998 0.2 0.54983401 0.5 77.300003 76.698112 
77.150002 0.2 0.54983401 0.5 77.349998 76.748108 
77.199997 0.2 0.54983401 0.5 77.400002 76.798111 
77.25 0.2 0.54983401 0.5 77.449997 76.848114 
77.300003 0.2 0.54983401 0.5 77.5 76.898109 
77.349998 0.2 0.54983401 0.5 77.550003 76.948112 
77.400002 0.2 0.54983401 0.5 77.599998 76.998108 
77.449997 0.2 0.54983401 0.5 77.650002 77.048111 
77.5 0.2 0.54983401 0.5 77.699997 77.098114 
77.550003 0.2 0.54983401 0.5 77.75 77.148109 
77.599998 0.2 0.54983401 0.5 77.800003 77.198112 
77.650002 0.2 0.54983401 0.5 77.849998 77.248108 
77.699997 0.2 0.54983401 0.5 77.900002 77.298111 
77.75 0.2 0.54983401 0.5 77.949997 77.348114 
77.800003 0.2 0.54983401 0.5 78 77.398109 
77.849998 0.2 0.54983401 0.5 78.050003 77.448112 
77.900002 0.2 0.54983401 0.5 78.099998 77.498108 
77.949997 0.2 0.54983401 0.5 78.150002 77.548111 
78 0.2 0.54983401 0.5 78.199997 77.598114 
78.050003 0.2 0.54983401 0.5 78.25 77.648109 
78.099998 0.2 0.54983401 0.5 78.300003 77.698112 
78.150002 0.2 0.54983401 0.5 78.349998 77.748108 
78.199997 0.2 0.54983401 0.5 78.400002 77.798111 
78.25 0.2 0.54983401 0.5 78.449997 77.848114 
78.300003 0.2 0.54983401 0.5 78.5 77.898109 
78.349998 0.2 0.54983401 0.5 78.550003 77.948112 
78.400002 0.2 0.54983401 0.5 78.599998 77.998108 
78.449997 0.2 0.54983401 0.5 78.650002 78.048111 
78.5 0.2 0.54983401 0.5 78.699997 78.098114 
78.550003 0.2 0.54983401 0.5 78.75 78.148109 
78.599998 0.2 0.54983401 0.5 78.800003 78.198112 
78.650002 0.2 0.54983401 0.5 78.849998 78.248108 
78.699997 0.2 0.54983401 0.5 78.900002 78.298111 
78.75 0.2 0.54983401 0.5 78.949997 78.348114 
78.800003 0.2 0.54983401 0.5 79 78.398109 
78.849998 0.2 0.54983401 0.5 79.050003 78.448112 
78.900002 0.2 0.54983401 0.5 79.099998 78.498108 
78.949997 0.2 0.54983401 0.5 79.150002 78.548111 
79 0.2 0.54983401 0.5 79.199997 78.598114 
79.050003 0.2 0.54983401 0.5 79.25 78.648109 
79.099998 0.2 0.54983401 0.5 79.300003 78.698112 
79.150002 0.2 0.54983401 0.5 79.349998 78.748108 
79.199997 0.2 0.54983401 0.5 79.400002 78.798111 
79.25 0.2 0.54983401 0.5 79.449997 78.848114 
79.300003 0.2 0.54983401 0.5 79.5 78.898109 
79.349998 0.2 0.54983401 0.5 79.550003 78.948112 
79.400002 0.2 0.54983401 0.5 79.599998 78.998108 
79.449997 0.2 0.54983401 0.5 79.650002 79.048111 
79.5 0.2 0.54983401 0.5 79.699997 79.098114 
79.550003 0.2 0.54983401 0.5 79.75 79.148109 
79.599998 0.2 0.54983401 0.5 79.800003 79.198112 
79.650002 0.2 0.54983401 0.5 79.849998 79.248108 
79.699997 0.2 0.54983401 0.5 79.900002 79.298111 
79.75 0.2 0.54983401 0.5 79.949997 79.348114 
79.800003 0.2 0.54983401 0.5 80 79.398109 
79.849998 0.2 0.54983401 0.5 80.050003 79.448112 
79.900002 0.2 0.54983401 0.5 80.099998 79.498108 
79.949997 0.2 0.54983401 0.5 80.150002 79.548111 
80 0.2 0.54983401 0.5 80.199997 79.598114 
80.050003 0.2 0.54983401 0.5 80.25 79.648109 
80.099998 0.2 0.54983401 0.5 80.300003 79.698112 
80.150002 0.2 0.54983401 0.5 80.349998 79.748108 
80.199997 0.2 0.54983401 0.5 80.400002 79.798111 
80.25 0.2 0.54983401 0.5 80.449997 79.848114 
80.300003 0.2 0.54983401 0.5 80.5 79.898109 
80.349998 0.2 0.54983401 0.5 80.550003 79.948112 
80.400002 0.2 0.54983401 0.5 80.599998 79.998108 
80.449997 0.2 0.54983401 0.5 80.650002 80.048111 
80.5 0.2 0.54983401 0.5 80.699997 80.098114 
80.550003 0.2 0.54983401 0.5 80.75 80.148109 
80.599998 0.2 0.54983401 0.5 80.800003 80.198112 
80.650002 0.2 0.54983401 0.5 80.849998 80.248108 
80.699997 0.2 0.54983401 0.5 80.900002 80.298111 
80.75 0.2 0.54983401 0.5 80.949997 80.348114 
80.800003 0.2 0.54983401 0.5 81 80.398109 
80.849998 0.2 0.54983401 0.5 81.050003 80.448112 
80.900002 0.2 0.54983401 0.5 81.099998 80.498108 
80.949997 0.2 0.54983401 0.5 81.150002 80.548111 
81 0.2 0.54983401 0.5 81.199997 80.598114 
81.050003 0.2 0.54983401 0.5 81.25 80.648109 
81.099998 0.2 0.54983401 0.5 81.300003 80.698112 
81.150002 0.2 0.54983401 0.5 81.349998 80.748108 
81.199997 0.2 0.54983401 0.5 81.400002 80.798111 
81.25 0.2 0.54983401 0.5 81.449997 80.848114 
81.300003 0.2 0.54983401 0.5 81.5 80.898109 
81.349998 0.2 0.54983401 0.5 81.550003 80.948112 
81.400002 0.2 0.54983401 0.5 81.599998 80.998108 
81.449997 0.2 0.54983401 0.5 81.650002 81.048111 
81.5 0.2 0.54983401 0.5 81.699997 81.098114 
81.550003 0.2 0.54983401 0.5 81.75 81.148109 
81.599998 0.2 0.54983401 0.5 81.800003 81.198112 
81.650002 0.2 0.54983401 0.5 81.849998 81.248108 
81.699997 0.2 0.54983401 0.5 81.900002 81.298111 
81.75 0.2 0.54983401 0.5 81.949997 81.348114 
81.800003 0.2 0.54983401 0.5 82 81.398109 
81.849998 0.2 0.54983401 0.5 82.050003 81.448112 
81.900002 0.2 0.54983401 0.5 82.099998 81.498108 
81.949997 0.2 0.54983401 0.5 82.150002 81.548111 
82 0.2 0.54983401 0.5 82.199997 81.598114 
82.050003 0.2 0.54983401 0.5 82.25 81.648109 
82.099998 0.2 0.54983401 0.5 82.300003 81.698112 
82.150002 0.2 0.54983401 0.5 82.349998 81.748108 
82.199997 0.2 0.54983401 0.5 82.400002 81.798111 
82.25 0.2 0.54983401 0.5 82.449997 81.848114 
82.300003 0.2 0.54983401 0.5 82.5 81.898109 
82.349998 0.2 0.54983401 0.5 82.550003 81.948112 
82.400002 0.2 0.54983401 0.5 82.599998 81.998108 
82.449997 0.2 0.54983401 0.5 82.650002 82.048111 
82.5 0.2 0.54983401 0.5 82.699997 82.098114 
82.550003 0.2 0.54983401 0.5 82.75 82.148109 
82.599998 0.2 0.54983401 0.5 82.800003 82.198112 
82.650002 0.2 0.54983401 0.5 82.849998 82.248108 
82.699997 0.2 0.54983401 0.5 82.900002 82.298111 
82.75 0.2 0.54983401 0.5 82.949997 82.348114 
82.800003 0.2 0.54983401 0.5 83 82.398109 
82.849998 0.2 0.54983401 0.5 83.050003 82.448112 
82.900002 0.2 0.54983401 0.5 83.099998 82.498108 
82.949997 0.2 0.54983401 0.5 83.150002 82.548111 
83 0.2 0.54983401 0.5 83.199997 82.598114 
83.050003 0.2 0.54983401 0.5 83.25 82.648109 
83.099998 0.2 0.54983401 0.5 83.300003 82.698112 
83.150002 0.2 0.54983401 0.5 83.349998 82.748108 
83.199997 0.2 0.54983401 0.5 83.400002 82.798111 
83.25 0.2 0.54983401 0.5 83.449997 82.848114 
83.300003 0.2 0.54983401 0.5 83.5 82.898109 
83.349998 0.2 0.54983401 0.5 83.550003 82.948112 
83.400002 0.2 0.54983401 0.5 83.599998 82.998108 
83.449997 0.2 0.54983401 0.5 83.650002 83.048111 
83.5 0.2 0.54983401 0.5 83.699997 83.098114 
83.550003 0.2 0.54983401 0.5 83.75 83.148109 
83.599998 0.2 0.54983401 0.5 83.800003 83.198112 
83.650002 0.2 0.54983401 0.5 83.849998 83.248108 
83.699997 0.2 0.54983401 0.5 83.900002 83.298111 
83.75 0.2 0.54983401 0.5 83.949997 83.348114 
83.800003 0.2 0.54983401 0.5 84 83.398109 
83.849998 0.2 0.54983401 0.5 84.050003 83.448112 
83.900002 0.2 0.54983401 0.5 84.099998 83.498108 
83.949997 0.2 0.54983401 0.5 84.150002 83.548111 
84 0.2 0.54983401 0.5 84.199997 83.598114 
84.050003 0.2 0.54983401 0.5 84.25 83.648109 
84.099998 0.2 0.54983401 0.5 84.300003 83.698112 
84.150002 0.2 0.54983401 0.5 84.349998 83.748108 
84.199997 0.2 0.54983401 0.5 84.400002 83.798111 
84.25 0.2 0.54983401 0.5 84.449997 83.848114 
84.300003 0.2 0.54983401 0.5 84.5 83.898109 
84.349998 0.2 0.54983401 0.5 84.550003 83.948112 
84.400002 0.2 0.54983401 0.5 84.599998 83.998108 
84.449997 0.2 0.54983401 0.5 84.650002 84.048111 
84.5 0.2 0.54983401 0.5 84.699997 84.098114 
84.550003 0.2 0.54983401 0.5 84.75 84.148109 
84.599998 0.2 0.54983401 0.5 84.800003 84.198112 
84.650002 0.2 0.54983401 0.5 84.849998 84.248108 
84.699997 0.2 0.54983401 0.5 84.900002 84.298111 
84.75 0.2 0.54983401 0.5 84.949997 84.348114 
84.800003 0.2 0.54983401 0.5 85 84.398109 
84.849998 0.2 0.54983401 0.5 85.050003 84.448112 
84.900002 0.2 0.54983401 0.5 85.099998 84.498108 
84.949997 0.2 0.54983401 0.5 85.150002 84.548111 
85 0.2 0.54983401 0.5 85.199997 84.598114 
85.050003 0.2 0.54983401 0.5 85.25 84.648109 
85.099998 0.2 0.54983401 0.5 85.300003 84.698112 
85.150002 0.2 0.54983401 0.5 85.349998 84.748108 
85.199997 0.2 0.54983401 0.5 85.400002 84.798111 
85.25 0.2 0.54983401 0.5 85.449997 84.848114 
85.300003 0.2 0.54983401 0.5 85.5 84.898109 
85.349998 0.2 0.54983401 0.5 85.550003 84.948112 
85.400002 0.2 0.54983401 0.5 85.599998 84.998108 
85.449997 0.2 0.54983401 0.5 85.650002 85.048111 
85.5 0.2 0.54983401 0.5 85.699997 85.098114 
85.550003 0.2 0.54983401 0.5 85.75 85.148109 
85.599998 0.2 0.54983401 0.5 85.800003 85.198112 
85.650002 0.2 0.54983401 0.5 85.849998 85.248108 
85.699997 0.2 0.54983401 0.5 85.900002 85.298111 
85.75 0.2 0.54983401 0.5 85.949997 85.348114 
85.800003 0.2 0.54983401 0.5 86 85.398109 
85.849998 0.2 0.54983401 0.5 86.050003 85.448112 
85.900002 0.2 0.54983401 0.5 86.099998 85.498108 
85.949997 0.2 0.54983401 0.5 86.150002 85.548111 
86 0.2 0.54983401 0.5 86.199997 85.598114 
86.050003 0.2 0.54983401 0.5 86.25 85.648109 
86.099998 0.2 0.54983401 0.5 86.300003 85.698112 
86.150002 0.2 0.54983401 0.5 86.349998 85.748108 
86.199997 0.2 0.54983401 0.5 86.400002 85.798111 
86.25 0.2 0.54983401 0.5 86.449997 85.848114 
86.300003 0.2 0.54983401 0.5 86.5 85.898109 
86.349998 0.2 0.54983401 0.5 86.550003 85.948112 
86.400002 0.2 0.54983401 0.5 86.599998 85.998108 
86.449997 0.2 0.54983401 0.5 86.650002 86.048111 
86.5 0.2 0.54983401 0.5 86.699997 86.098114 
86.550003 0.2 0.54983401 0.5 86.75 86.148109 
86.599998 0.2 0.54983401 0.5 86.800003 86.198112 
86.650002 0.2 0.54983401 0.5 86.849998 86.248108 
86.699997 0.2 0.54983401 0.5 86.900002 86.298111 
86.75 0.2 0.54983401 0.5 86.949997 86.348114 
86.800003 0.2 0.54983401 0.5 87 86.398109 
86.849998 0.2 0.54983401 0.5 87.050003 86.448112 
86.900002 0.2 0.54983401 0.5 87.099998 86.498108 
86.949997 0.2 0.54983401 0.5 87.150002 86.548111 
87 0.2 0.54983401 0.5 87.199997 86.598114 
87.050003 0.2 0.54983401 0.5 87.25 86.648109 
87.099998 0.2 0.54983401 0.5 87.300003 86.698112 
87.150002 0.2 0.54983401 0.5 87.349998 86.748108 
87.199997 0.2 0.54983401 0.5 87.400002 86.798111 
87.25 0.2 0.54983401 0.5 87.449997 86.848114 
87.300003 0.2 0.54983401 0.5 87.5 86.898109 
87.349998 0.2 0.54983401 0.5 87.550003 86.948112 
87.400002 0.2 0.54983401 0.5 87.599998 86.998108 
87.449997 0.2 0.54983401 0.5 87.650002 87.048111 
87.5 0.2 0.54983401 0.5 87.699997 87.098114 
87.550003 0.2 0.54983401 0.5 87.75 87.148109 
87.599998 0.2 0.54983401 0.5 87.800003 87.198112 
87.650002 0.2 0.54983401 0.5 87.849998 87.248108 
87.699997 0.2 0.54983401 0.5 87.900002 87.298111 
87.75 0.2 0.54983401 0.5 87.949997 87.348114 
87.800003 0.2 0.54983401 0.5 88 87.398109 
87.849998 0.2 0.54983401 0.5 88.050003 87.448112 
87.900002 0.2 0.54983401 0.5 88.099998 87.498108 
87.949997 0.2 0.54983401 0.5 88.150002 87.548111 
88 0.2 0.54983401 0.5 88.199997 87.598114 
88.050003 0.2 0.54983401 0.5 88.25 87.648109 
88.099998 0.2 0.54983401 0.5 88.300003 87.698112 
88.150002 0.2 0.54983401 0.5 88.349998 87.748108 
88.199997 0.2 0.54983401 0.5 88.400002 87.798111 
88.25 0.2 0.54983401 0.5 88.449997 87.848114 
88.300003 0.2 0.54983401 0.5 88.5 87.898109 
88.349998 0.2 0.54983401 0.5 88.550003 87.948112 
88.400002 0.2 0.54983401 0.5 88.599998 87.998108 
88.449997 0.2 0.54983401 0.5 88.650002 88.048111 
88.5 0.2 0.54983401 0.5 88.699997 88.098114 
88.550003 0.2 0.54983401 0.5 88.75 88.148109 
88.599998 0.2 0.54983401 0.5 88.800003 88.198112 
88.650002 0.2 0.54983401 0.5 88.849998 88.248108 
88.699997 0.2 0.54983401 0.5 88.900002 88.298111 
88.75 0.2 0.54983401 0.5 88.949997 88.348114 
88.800003 0.2 0.54983401 0.5 89 88.398109 
88.849998 0.2 0.54983401 0.5 89.050003 88.448112 
88.900002 0.2 0.54983401 0.5 89.099998 88.498108 
88.949997 0.2 0.54983401 0.5 89.150002 88.548111 
89 0.2 0.54983401 0.5 89.199997 88.598114 
89.050003 0.2 0.54983401 0.5 89.25 88.648109 
89.099998 0.2 0.54983401 0.5 89.300003 88.698112 
89.150002 0.2 0.54983401 0.5 89.349998 88.748108 
89.199997 0.2 0.54983401 0.5 89.400002 88.798111 
89.25 0.2 0.54983401 0.5 89.449997 88.848114 
89.300003 0.2 0.54983401 0.5 89.5 88.898109 
89.349998 0.2 0.54983401 0.5 89.550003 88.948112 
89.400002 0.2 0.54983401 0.5 89.599998 88.998108 
89.449997 0.2 0.54983401 0.5 89.650002 89.048111 
89.5 0.2 0.54983401 0.5 89.699997 89.098114 
89.550003 0.2 0.54983401 0.5 89.75 89.148109 
89.599998 0.2 0.54983401 0.5 89.800003 89.198112 
89.650002 0.2 0.54983401 0.5 89.849998 89.248108 
89.699997 0.2 0.54983401 0.5 89.900002 89.298111 
89.75 0.2 0.54983401 0.5 89.949997 89.348114 
89.800003 0.2 0.54983401 0.5 90 89.398109 
89.849998 0.2 0.54983401 0.5 90.050003 89.448112 
89.900002 0.2 0.54983401 0.5 90.099998 89.498108 
89.949997 0.2 0.54983401 0.5 90.150002 89.548111 
90 0.2 0.54983401 0.5 90.199997 89.598114 
90.050003 0.2 0.54983401 0.5 90.25 89.648109 
90.099998 0.2 0.54983401 0.5 90.300003 89.698112 
90.150002 0.2 0.54983401 0.5 90.349998 89.748108 
90.199997 0.2 0.54983401 0.5 90.400002 89.798111 
90.25 0.2 0.54983401 0.5 90.449997 89.848114 
90.300003 0.2 0.54983401 0.5 90.5 89.898109 
90.349998 0.2 0.54983401 0.5 90.550003 89.948112 
90.400002 0.2 0.54983401 0.5 90.599998 89.998108 
90.449997 0.2 0.54983401 0.5 90.650002 90.048111 
90.5 0.2 0.54983401 0.5 90.699997 90.098114 
90.550003 0.2 0.54983401 0.5 90.75 90.148109 
90.599998 0.2 0.54983401 0.5 90.800003 90.198112 
90.650002 0.2 0.54983401 0.5 90.849998 90.248108 
90.699997 0.2 0.54983401 0.5 90.900002 90.298111 
90.75 0.2 0.54983401 0.5 90.949997 90.348114 
90.800003 0.2 0.54983401 0.5 91 90.398109 
90.849998 0.2 0.54983401 0.5 91.050003 90.448112 
90.900002 0.2 0.54983401 0.5 91.099998 90.498108 
90.949997 0.2 0.54983401 0.5 91.150002 90.548111 
91 0.2 0.54983401 0.5 91.199997 90.598114 
91.050003 0.2 0.54983401 0.5 91.25 90.648109 
91.099998 0.2 0.54983401 0.5 91.300003 90.698112 
91.150002 0.2 0.54983401 0.5 91.349998 90.748108 
91.199997 0.2 0.54983401 0.5 91.400002 90.798111 
91.25 0.2 0.54983401 0.5 91.449997 90.848114 
91.300003 0.2 0.54983401 0.5 91.5 90.898109 
91.349998 0.2 0.54983401 0.5 91.550003 90.948112 
91.400002 0.2 0.54983401 0.5 91.599998 90.998108 
91.449997 0.2 0.54983401 0.5 91.650002 91.048111 
91.5 0.2 0.54983401 0.5 91.699997 91.098114 
91.550003 0.2 0.54983401 0.5 91.75 91.148109 
91.599998 0.2 0.54983401 0.5 91.800003 91.198112 
91.650002 0.2 0.54983401 0.5 91.849998 91.248108 
91.699997 0.2 0.54983401 0.5 91.900002 91.298111 
91.75 0.2 0.54983401 0.5 91.949997 91.348114 
91.800003 0.2 0.54983401 0.5 92 91.398109 
91.849998 0.2 0.54983401 0.5 92.050003 91.448112 
91.900002 0.2 0.54983401 0.5 92.099998 91.498108 
91.949997 0.2 0.54983401 0.5 92.150002 91.548111 
92 0.2 0.54983401 0.5 92.199997 91.598114 
92.050003 0.2 0.54983401 0.5 92.25 91.648109 
92.099998 0.2 0.54983401 0.5 92.300003 91.698112 
92.150002 0.2 0.54983401 0.5 92.349998 91.748108 
92.199997 0.2 0.54983401 0.5 92.400002 91.798111 
92.25 0.2 0.54983401 0.5 92.449997 91.848114 
92.300003 0.2 0.54983401 0.5 92.5 91.898109 
92.349998 0.2 0.54983401 0.5 92.550003 91.948112 
92.400002 0.2 0.54983401 0.5 92.599998 91.998108 
92.449997 0.2 0.54983401 0.5 92.650002 92.048111 
92.5 0.2 0.54983401 0.5 92.699997 92.098114 
92.550003 0.2 0.54983401 0.5 92.75 92.148109 
92.599998 0.2 0.54983401 0.5 92.800003 92.198112 
92.650002 0.2 0.54983401 0.5 92.849998 92.248108 
92.699997 0.2 0.54983401 0.5 92.900002 92.298111 
92.75 0.2 0.54983401 0.5 92.949997 92.348114 
92.800003 0.2 0.54983401 0.5 93 92.398109 
92.849998 0.2 0.54983401 0.5 93.050003 92.448112 
92.900002 0.2 0.54983401 0.5 93.099998 92.498108 
92.949997 0.2 0.54983401 0.5 93.150002 92.548111 
93 0.2 0.54983401 0.5 93.199997 92.598114 
93.050003 0.2 0.54983401 0.5 93.25 92.648109 
93.099998 0.2 0.54983401 0.5 93.300003 92.698112 
93.150002 0.2 0.54983401 0.5 93.349998 92.748108 
93.199997 0.2 0.54983401 0.5 93.400002 92.798111 
93.25 0.2 0.54983401 0.5 93.449997 92.848114 
93.300003 0.2 0.54983401 0.5 93.5 92.898109 
93.349998 0.2 0.54983401 0.5 93.550003 92.948112 
93.400002 0.2 0.54983401 0.5 93.599998 92.998108 
93.449997 0.2 0.54983401 0.5 93.650002 93.048111 
93.5 0.2 0.54983401 0.5 93.699997 93.098114 
93.550003 0.2 0.54983401 0.5 93.75 93.148109 
93.599998 0.2 0.54983401 0.5 93.800003 93.198112 
93.650002 0.2 0.54983401 0.5 93.849998 93.248108 
93.699997 0.2 0.54983401 0.5 93.900002 93.298111 
93.75 0.2 0.54983401 0.5 93.949997 93.348114 
93.800003 0.2 0.54983401 0.5 94 93.398109 
93.849998 0.2 0.54983401 0.5 94.050003 93.448112 
93.900002 0.2 0.54983401 0.5 94.099998 93.498108 
93.949997 0.2 0.54983401 0.5 94.150002 93.548111 
94 0.2 0.54983401 0.5 94.199997 93.598114 
94.050003 0.2 0.54983401 0.5 94.25 93.648109 
94.099998 0.2 0.54983401 0.5 94.300003 93.698112 
94.150002 0.2 0.54983401 0.5 94.349998 93.748108 
94.199997 0.2 0.54983401 0.5 94.400002 93.798111 
94.25 0.2 0.54983401 0.5 94.449997 93.848114 
94.300003 0.2 0.54983401 0.5 94.5 93.898109 
94.349998 0.2 0.54983401 0.5 94.550003 93.948112 
94.400002 0.2 0.54983401 0.5 94.599998 93.998108 
94.449997 0.2 0.54983401 0.5 94.650002 94.048111 
94.5 0.2 0.54983401 0.5 94.699997 94.098114 
94.550003 0.2 0.54983401 0.5 94.75 94.148109 
94.599998 0.2 0.54983401 0.5 94.800003 94.198112 
94.650002 0.2 0.54983401 0.5 94.849998 94.248108 
94.699997 0.2 0.54983401 0.5 94.900002 94.298111 
94.75 0.2 0.54983401 0.5 94.949997 94.348114 
94.800003 0.2 0.54983401 0.5 95 94.398109 
94.849998 0.2 0.54983401 0.5 95.050003 94.448112 
94.900002 0.2 0.54983401 0.5 95.099998 94.498108 
94.949997 0.2 0.54983401 0.5 95.150002 94.548111 
95 0.2 0.54983401 0.5 95.199997 94.598114 
95.050003 0.2 0.54983401 0.5 95.25 94.648109 
95.099998 0.2 0.54983401 0.5 95.300003 94.698112 
95.150002 0.2 0.54983401 0.5 95.349998 94.748108 
95.199997 0.2 0.54983401 0.5 95.400002 94.798111 
95.25 0.2 0.54983401 0.5 95.449997 94.848114 
95.300003 0.2 0.54983401 0.5 95.5 94.898109 
95.349998 0.2 0.54983401 0.5 95.550003 94.948112 
95.400002 0.2 0.54983401 0.5 95.599998 94.998108 
95.449997 0.2 0.54983401 0.5 95.650002 95.048111 
95.5 0.2 0.54983401 0.5 95.699997 95.098114 
95.550003 0.2 0.54983401 0.5 95.75 95.148109 
95.599998 0.2 0.54983401 0.5 95.800003 95.198112 
95.650002 0.2 0.54983401 0.5 95.849998 95.248108 
95.699997 0.2 0.54983401 0.5 95.900002 95.298111 
95.75 0.2 0.54983401 0.5 95.949997 95.348114 
95.800003 0.2 0.54983401 0.5 96 95.398109 
95.849998 0.2 0.54983401 0.5 96.050003 95.448112 
95.900002 0.2 0.54983401 0.5 96.099998 95.498108 
95.949997 0.2 0.54983401 0.5 96.150002 95.548111 
96 0.2 0.54983401 0.5 96.199997 95.598114 
96.050003 0.2 0.54983401 0.5 96.25 95.648109 
96.099998 0.2 0.54983401 0.5 96.300003 95.698112 
96.150002 0.2 0.54983401 0.5 96.349998 95.748108 
96.199997 0.2 0.54983401 0.5 96.400002 95.798111 
96.25 0.2 0.54983401 0.5 96.449997 95.848114 
96.300003 0.2 0.54983401 0.5 96.5 95.898109 
96.349998 0.2 0.54983401 0.5 96.550003 95.948112 
96.400002 0.2 0.54983401 0.5 96.599998 95.998108 
96.449997 0.2 0.54983401 0.5 96.650002 96.048111 
96.5 0.2 0.54983401 0.5 96.699997 96.098114 
96.550003 0.2 0.54983401 0.5 96.75 96.148109 
96.599998 0.2 0.54983401 0.5 96.800003 96.198112 
96.650002 0.2 0.54983401 0.5 96.849998 96.248108 
96.699997 0.2 0.54983401 0.5 96.900002 96.298111 
96.75 0.2 0.54983401 0.5 96.949997 96.348114 
96.800003 0.2 0.54983401 0.5 97 96.398109 
96.849998 0.2 0.54983401 0.5 97.050003 96.448112 
96.900002 0.2 0.54983401 0.5 97.099998 96.498108 
96.949997 0.2 0.54983401 0.5 97.150002 96.548111 
97 0.2 0.54983401 0.5 97.199997 96.598114 
97.050003 0.2 0.54983401 0.5 97.25 96.648109 
97.099998 0.2 0.54983401 0.5 97.300003 96.698112 
97.150002 0.2 0.54983401 0.5 97.349998 96.748108 
97.199997 0.2 0.54983401 0.5 97.400002 96.798111 
97.25 0.2 0.54983401 0.5 97.449997 96.848114 
97.300003 0.2 0.54983401 0.5 97.5 96.898109 
97.349998 0.2 0.54983401 0.5 97.550003 96.948112 
97.400002 0.2 0.54983401 0.5 97.599998 96.998108 
97.449997 0.2 0.54983401 0.5 97.650002 97.048111 
97.5 0.2 0.54983401 0.5 97.699997 97.098114 
97.550003 0.2 0.54983401 0.5 97.75 97.148109 
97.599998 0.2 0.54983401 0.5 97.800003 97.198112 
97.650002 0.2 0.54983401 0.5 97.849998 97.248108 
97.699997 0.2 0.54983401 0.5 97.900002 97.298111 
97.75 0.2 0.54983401 0.5 97.949997 97.348114 
97.800003 0.2 0.54983401 0.5 98 97.398109 
97.849998 0.2 0.54983401 0.5 98.050003 97.448112 
97.900002 0.2 0.54983401 0.5 98.099998 97.498108 
97.949997 0.2 0.54983401 0.5 98.150002 97.548111 
98 0.2 0.54983401 0.5 98.199997 97.598114 
98.050003 0.2 0.54983401 0.5 98.25 97.648109 
98.099998 0.2 0.54983401 0.5 98.300003 97.698112 
98.150002 0.2 0.54983401 0.5 98.349998 97.748108 
98.199997 0.2 0.54983401 0.5 98.400002 97.798111 
98.25 0.2 0.54983401 0.5 98.449997 97.848114 
98.300003 0.2 0.54983401 0.5 98.5 97.898109 
98.349998 0.2 0.54983401 0.5 98.550003 97.948112 
98.400002 0.2 0.54983401 0.5 98.599998 97.998108 
98.449997 0.2 0.54983401 0.5 98.650002 98.048111 
98.5 0.2 0.54983401 0.5 98.699997 98.098114 
98.550003 0.2 0.54983401 0.5 98.75 98.148109 
98.599998 0.2 0.54983401 0.5 98.800003 98.198112 
98.650002 0.2 0.54983401 0.5 98.849998 98.248108 
98.699997 0.2 0.54983401 0.5 98.900002 98.298111 
98.75 0.2 0.54983401 0.5 98.949997 98.348114 
98.800003 0.2 0.54983401 0.5 99 98.398109 
98.849998 0.2 0.54983401 0.5 99.050003 98.448112 
98.900002 0.2 0.54983401 0.5 99.099998 98.498108 
98.949997 0.2 0.54983401 0.5 99.150002 98.548111 
99 0.2 0.54983401 0.5 99.199997 98.598114 
99.050003 0.2 0.54983401 0.5 99.25 98.648109 
99.099998 0.2 0.54983401 0.5 99.300003 98.698112 
99.150002 0.2 0.54983401 0.5 99.349998 98.748108 
99.199997 0.2 0.54983401 0.5 99.400002 98.798111 
99.25 0.2 0.54983401 0.5 99.449997 98.848114 
99.300003 0.2 0.54983401 0.5 99.5 98.898109 
99.349998 0.2 0.54983401 0.5 99.550003 98.948112 
99.400002 0.2 0.54983401 0.5 99.599998 98.998108 
99.449997 0.2 0.54983401 0.5 99.650002 99.048111 
99.5 0.2 0.54983401 0.5 99.699997 99.098114 
99.550003 0.2 0.54983401 0.5 99.75 99.148109 
99.599998 0.2 0.54983401 0.5 99.800003 99.198112 
99.650002 0.2 0.54983401 0.5 99.849998 99.248108 
99.699997 0.2 0.54983401 0.5 99.900002 99.298111 
99.75 0.2 0.54983401 0.5 99.949997 99.348114 
