0 0.2 0 1 0.2 0 
0.050000001 0.25 0.015516092 0.97561473 0.25 0.030622596 
0.1 0.30000001 0.031066181 0.95241868 0.30000001 0.06259688 
0.15000001 0.34999999 0.046655286 0.930354 0.34999999 0.095880464 
0.2 0.40000001 0.062286478 0.90936536 0.40000001 0.13042466 
0.25 0.44999999 0.07796099 0.88940042 0.44999999 0.16617554 
0.30000001 0.5 0.093678333 0.87040913 0.5 0.20307508 
0.34999999 0.55000001 0.10943643 0.85234404 0.55000001 0.24106216 
0.40000001 0.60000002 0.12523173 0.83516002 0.60000002 0.28007376 
0.44999999 0.64999998 0.14105935 0.8188141 0.64999998 0.32004583 
0.5 0.69999999 0.15691322 0.80326533 0.69999999 0.36091435 
0.55000001 0.75 0.17278615 0.78847492 0.75 0.40261593 
0.60000002 0.80000001 0.18866999 0.77440584 0.80000001 0.44508868 
0.64999998 0.85000002 0.20455585 0.76102293 0.85000002 0.48827276 
0.69999999 0.89999998 0.22043405 0.74829268 0.89999998 0.53211063 
0.75 0.94999999 0.23629437 0.73618329 0.94999999 0.57654762 
0.80000001 1 0.25212613 0.72466451 1 0.62153202 
0.85000002 1.05 0.26791826 0.71370745 1.05 0.66701531 
0.89999998 1.1 0.28365949 0.70328486 1.1 0.71295226 
0.94999999 1.15 0.29933831 0.69337052 1.15 0.75930065 
1 1.2 0.31494322 0.68393975 1.2 0.80602169 
1.05 1.25 0.33046275 0.6749689 1.25 0.8530795 
1.1 1.3 0.34588552 0.66643554 1.3 0.90044123 
1.15 1.35 0.36120024 0.6583184 1.35 0.94807678 
1.2 1.4 0.37639597 0.6505971 1.4 0.99595886 
1.25 1.45 0.391462 0.64325243 1.45 1.0440625 
1.3 1.5 0.40638798 0.63626593 1.5 1.0923651 
1.35 1.55 0.42116398 0.62962013 1.55 1.1408464 
1.4 1.6 0.43578044 0.62329847 1.6 1.1894877 
1.45 1.65 0.4502283 0.61728513 1.65 1.2382725 
1.5 1.7 0.464499 0.61156511 1.7 1.2871858 
1.55 1.75 0.4785845 0.60612398 1.75 1.3362141 
1.6 1.8 0.49247718 0.60094827 1.8 1.3853451 
1.65 1.85 0.50617015 0.59602499 1.85 1.4345683 
1.7 1.9 0.51965684 0.59134179 1.9 1.4838736 
1.75 1.95 0.53293145 0.586887 1.95 1.5332525 
1.8 2 0.5459885 0.58264947 2 1.5826972 
1.85 2.05 0.55882335 0.57861859 2.05 1.6322005 
1.9 2.0999999 0.57143158 0.57478434 2.0999999 1.6817563 
1.95 2.1500001 0.58380955 0.57113707 2.1500001 1.731359 
2 2.2 0.595954 0.56766766 2.2 1.7810036 
2.05 2.25 0.60786223 0.56436747 2.25 1.8306856 
2.0999999 2.3 0.61953199 0.56122822 2.3 1.8804011 
2.1500001 2.3499999 0.6309616 0.55824208 2.3499999 1.9301465 
2.2 2.4000001 0.64214975 0.55540156 2.4000001 1.9799185 
2.25 2.45 0.6530956 0.55269963 2.45 2.0297143 
2.3 2.5 0.66379869 0.55012941 2.5 2.0795317 
2.3499999 2.55 0.67425901 0.54768461 2.55 2.1293678 
2.4000001 2.5999999 0.68447697 0.54535896 2.5999999 2.1792214 
2.45 2.6500001 0.69445318 0.54314679 2.6500001 2.22909 
2.5 2.7 0.70418876 0.54104251 2.7 2.2789721 
2.55 2.75 0.7136851 0.53904086 2.75 2.3288667 
2.5999999 2.8 0.72294384 0.53713679 2.8 2.378772 
2.6500001 2.8499999 0.73196685 0.53532559 2.8499999 2.4286871 
2.7 2.9000001 0.74075639 0.53360277 2.9000001 2.478611 
2.75 2.95 0.74931496 0.53196394 2.95 2.5285428 
2.8 3 0.75764507 0.53040504 3 2.5784814 
2.8499999 3.05 0.76574969 0.52892214 3.05 2.6284263 
2.9000001 3.0999999 0.77363175 0.5275116 3.0999999 2.6783769 
2.95 3.1500001 0.78129458 0.52616984 3.1500001 2.7283328 
3 3.2 0.78874141 0.52489352 3.2 2.7782929 
3.05 3.25 0.7959758 0.52367949 3.25 2.8282571 
3.0999999 3.3 0.80300122 0.5225246 3.3 2.8782248 
3.1500001 3.3499999 0.80982155 0.52142608 3.3499999 2.928196 
3.2 3.4000001 0.8164404 0.52038109 3.4000001 2.9781702 
3.25 3.45 0.82286179 0.51938713 3.45 3.0281467 
3.3 3.5 0.82908946 0.51844156 3.5 3.0781257 
3.3499999 3.55 0.83512753 0.51754218 3.55 3.1281068 
3.4000001 3.5999999 0.84097999 0.51668662 3.5999999 3.1780899 
3.45 3.6500001 0.84665084 0.51587284 3.6500001 3.2280746 
3.5 3.7 0.85214412 0.51509869 3.7 3.2780609 
3.55 3.75 0.85746396 0.51436234 3.75 3.3280485 
3.5999999 3.8 0.86261445 0.51366186 3.8 3.3780375 
3.6500001 3.8499999 0.86759961 0.51299554 3.8499999 3.4280274 
3.7 3.9000001 0.87242353 0.51236176 3.9000001 3.4780183 
3.75 3.95 0.87709022 0.51175886 3.95 3.5280101 
3.8 4 0.88160366 0.51118541 4 3.5780029 
3.8499999 4.0500002 0.88596791 0.51063985 4.0500002 3.6279962 
3.9000001 4.0999999 0.89018691 0.51012093 4.0999999 3.6779904 
3.95 4.1500001 0.89426452 0.50962734 4.1500001 3.7279849 
4 4.1999998 0.89820457 0.50915784 4.1999998 3.7779801 
4.0500002 4.25 0.90201092 0.50871122 4.25 3.8279757 
4.0999999 4.3000002 0.90568733 0.50828636 4.3000002 3.8779719 
4.1500001 4.3499999 0.9092375 0.50788224 4.3499999 3.9279683 
4.1999998 4.4000001 0.91266501 0.50749779 4.4000001 3.9779651 
4.25 4.4499998 0.91597354 0.50713211 4.4499998 4.0279622 
4.3000002 4.5 0.91916651 0.50678426 4.5 4.0779595 
4.3499999 4.5500002 0.92224735 0.50645339 4.5500002 4.1279573 
4.4000001 4.5999999 0.92521954 0.50613868 4.5999999 4.1779552 
4.4499998 4.6500001 0.9280864 0.50583929 4.6500001 4.2279534 
4.5 4.6999998 0.93085104 0.5055545 4.6999998 4.2779517 
4.5500002 4.75 0.9335168 0.50528359 4.75 4.32795 
4.5999999 4.8000002 0.93608671 0.50502592 4.8000002 4.3779488 
4.6500001 4.8499999 0.93856376 0.50478083 4.8499999 4.4279475 
4.6999998 4.9000001 0.94095105 0.50454766 4.9000001 4.4779463 
4.75 4.9499998 0.94325131 0.50432587 4.9499998 4.527945 
4.8000002 5 0.94546753 0.50411487 5 4.5779443 
4.8499999 5.0500002 0.94760233 0.50391418 5.0500002 4.6279435 
4.9000001 5.0999999 0.94965845 0.50372326 5.0999999 4.6779428 
4.9499998 5.1500001 0.95163846 0.50354171 5.1500001 4.727942 
5 5.1999998 0.95354497 0.50336897 5.1999998 4.7779412 
5.0500002 5.25 0.95538044 0.50320464 5.25 4.8279409 
5.0999999 5.3000002 0.95714724 0.50304836 5.3000002 4.8779402 
5.1500001 5.3499999 0.95884776 0.50289971 5.3499999 4.9279399 
5.1999998 5.4000001 0.96048421 0.50275826 5.4000001 4.9779396 
5.25 5.4499998 0.9620589 0.50262374 5.4499998 5.0279393 
5.3000002 5.5 0.96357387 0.50249583 5.5 5.077939 
5.3499999 5.5500002 0.96503121 0.50237405 5.5500002 5.1279387 
5.4000001 5.5999999 0.96643305 0.5022583 5.5999999 5.1779385 
5.4499998 5.6500001 0.96778125 0.50214815 5.6500001 5.2279382 
5.5 5.6999998 0.96907771 0.50204337 5.6999998 5.2779379 
5.5500002 5.75 0.97032434 0.50194371 5.75 5.3279376 
5.5999999 5.8000002 0.97152287 0.50184894 5.8000002 5.3779373 
5.6500001 5.8499999 0.97267503 0.50175875 5.8499999 5.427937 
5.6999998 5.9000001 0.97378248 0.50167298 5.9000001 5.4779372 
5.75 5.9499998 0.9748469 0.50159138 5.9499998 5.5279369 
5.8000002 6 0.97586983 0.50151378 6 5.5779366 
5.8499999 6.0500002 0.97685277 0.50143993 6.0500002 5.6279368 
5.9000001 6.0999999 0.97779727 0.50136971 6.0999999 5.6779366 
5.9499998 6.1500001 0.97870463 0.5013029 6.1500001 5.7279367 
6 6.1999998 0.97957629 0.50123936 6.1999998 5.7779365 
6.0500002 6.25 0.98041356 0.50117892 6.25 5.8279362 
6.0999999 6.3000002 0.98121768 0.50112146 6.3000002 5.8779364 
6.1500001 6.3499999 0.98198998 0.50106674 6.3499999 5.9279361 
6.1999998 6.4000001 0.98273164 0.50101471 6.4000001 5.9779363 
6.25 6.4499998 0.98344374 0.50096524 6.4499998 6.027936 
6.3000002 6.5 0.98412746 0.50091815 6.5 6.0779362 
6.3499999 6.5500002 0.98478383 0.50087339 6.5500002 6.1279359 
6.4000001 6.5999999 0.98541397 0.50083077 6.5999999 6.1779361 
6.4499998 6.6500001 0.98601884 0.50079024 6.6500001 6.2279358 
6.5 6.6999998 0.98659933 0.50075173 6.6999998 6.277936 
6.5500002 6.75 0.98715651 0.50071508 6.75 6.3279357 
6.5999999 6.8000002 0.98769116 0.50068021 6.8000002 6.3779359 
6.6500001 6.8499999 0.98820424 0.50064701 6.8499999 6.4279361 
6.6999998 6.9000001 0.98869652 0.50061548 6.9000001 6.4779358 
6.75 6.9499998 0.98916888 0.50058544 6.9499998 6.527936 
6.8000002 7 0.989622 0.50055689 7 6.5779357 
6.8499999 7.0500002 0.99005669 0.50052971 7.0500002 6.6279359 
6.9000001 7.0999999 0.99047369 0.5005039 7.0999999 6.6779356 
6.9499998 7.1500001 0.99087363 0.50047934 7.1500001 6.7279358 
7 7.1999998 0.99125725 0.50045592 7.1999998 6.777936 
7.0500002 7.25 0.99162513 0.50043368 7.25 6.8279357 
7.0999999 7.3000002 0.99197793 0.50041252 7.3000002 6.8779359 
7.1500001 7.3499999 0.99231625 0.50039244 7.3499999 6.9279356 
7.1999998 7.4000001 0.99264061 0.5003733 7.4000001 6.9779358 
7.25 7.4499998 0.99295163 0.50035506 7.4499998 7.0279355 
7.3000002 7.5 0.99324983 0.50033778 7.5 7.0779357 
7.3499999 7.5500002 0.9935357 0.50032127 7.5500002 7.1279359 
7.4000001 7.5999999 0.9938097 0.50030565 7.5999999 7.1779356 
7.4499998 7.6500001 0.99407244 0.50029069 7.6500001 7.2279358 
7.5 7.6999998 0.99432421 0.50027657 7.6999998 7.2779355 
7.5500002 7.75 0.99456549 0.50026304 7.75 7.3279357 
7.5999999 7.8000002 0.99479681 0.50025022 7.8000002 7.3779359 
7.6500001 7.8499999 0.99501842 0.500238 7.8499999 7.4279356 
7.6999998 7.9000001 0.99523085 0.50022644 7.9000001 7.4779358 
7.75 7.9499998 0.9954344 0.50021535 7.9499998 7.5279355 
7.8000002 8 0.99562937 0.50020486 8 7.5779357 
7.8499999 8.0500002 0.99581623 0.50019485 8.0500002 7.6279359 
7.9000001 8.1000004 0.99599528 0.50018537 8.1000004 7.6779356 
7.9499998 8.1499996 0.99616683 0.50017631 8.1499996 7.7279358 
8 8.1999998 0.9963311 0.50016773 8.1999998 7.7779355 
8.0500002 8.25 0.99648851 0.50015956 8.25 7.8279357 
8.1000004 8.3000002 0.99663931 0.50015175 8.3000002 7.8779359 
8.1499996 8.3500004 0.99678373 0.50014436 8.3500004 7.9279356 
8.1999998 8.3999996 0.99692202 0.50013733 8.3999996 7.9779358 
8.25 8.4499998 0.99705452 0.50013065 8.4499998 8.027936 
8.3000002 8.5 0.99718142 0.50012428 8.5 8.0779352 
8.3500004 8.5500002 0.99730295 0.5001182 8.5500002 8.1279354 
8.3999996 8.6000004 0.9974193 0.50011241 8.6000004 8.1779356 
8.4499998 8.6499996 0.9975307 0.50010693 8.6499996 8.2279358 
8.5 8.6999998 0.99763739 0.50010175 8.6999998 8.277936 
8.5500002 8.75 0.99773955 0.5000968 8.75 8.3279352 
8.6000004 8.8000002 0.99783742 0.50009203 8.8000002 8.3779354 
8.6499996 8.8500004 0.99793106 0.50008756 8.8500004 8.4279356 
8.6999998 8.8999996 0.99802071 0.50008327 8.8999996 8.4779358 
8.75 8.9499998 0.99810654 0.50007921 8.9499998 8.527936 
8.8000002 9 0.99818873 0.50007534 9 8.5779352 
8.8500004 9.0500002 0.99826741 0.5000717 9.0500002 8.6279354 
8.8999996 9.1000004 0.99834269 0.50006819 9.1000004 8.6779356 
8.9499998 9.1499996 0.99841475 0.50006485 9.1499996 8.7279358 
9 9.1999998 0.99848372 0.50006169 9.1999998 8.777936 
9.0500002 9.25 0.99854976 0.50005871 9.25 8.8279352 
9.1000004 9.3000002 0.99861294 0.50005585 9.3000002 8.8779354 
9.1499996 9.3500004 0.99867344 0.50005311 9.3500004 8.9279356 
9.1999998 9.3999996 0.99873132 0.50005054 9.3999996 8.9779358 
9.25 9.4499998 0.99878669 0.50004804 9.4499998 9.027936 
9.3000002 9.5 0.99883968 0.50004572 9.5 9.0779352 
9.3500004 9.5500002 0.9988904 0.50004351 9.5500002 9.1279354 
9.3999996 9.6000004 0.99893898 0.50004137 9.6000004 9.1779356 
9.4499998 9.6499996 0.99898541 0.50003934 9.6499996 9.2279358 
9.5 9.6999998 0.99902982 0.50003743 9.6999998 9.277936 
9.5500002 9.75 0.99907231 0.50003558 9.75 9.3279352 
9.6000004 9.8000002 0.99911302 0.50003386 9.8000002 9.3779354 
9.6499996 9.8500004 0.99915195 0.50003219 9.8500004 9.4279356 
9.6999998 9.8999996 0.99918914 0.50003064 9.8999996 9.4779358 
9.75 9.9499998 0.99922478 0.50002915 9.9499998 9.527936 
9.8000002 10 0.99925882 0.50002772 10 9.5779352 
9.8500004 10.05 0.99929142 0.50002635 10.05 9.6279354 
9.8999996 10.1 0.99932259 0.50002509 10.1 9.6779356 
9.9499998 10.15 0.9993524 0.50002384 10.15 9.7279358 
10 10.2 0.99938095 0.50002271 10.2 9.777936 
10.05 10.25 0.99940819 0.50002158 10.25 9.8279352 
10.1 10.3 0.99943429 0.50002056 10.3 9.8779354 
10.15 10.35 0.99945927 0.50001955 10.35 9.9279356 
10.2 10.4 0.99948311 0.5000186 10.4 9.9779358 
10.25 10.45 0.99950594 0.5000177 10.45 10.027936 
10.3 10.5 0.99952775 0.50001681 10.5 10.077935 
10.35 10.55 0.99954861 0.50001597 10.55 10.127935 
10.4 10.6 0.99956858 0.5000152 10.6 10.177936 
10.45 10.65 0.99958766 0.50001448 10.65 10.227936 
10.5 10.7 0.99960589 0.50001377 10.7 10.277936 
10.55 10.75 0.99962336 0.50001311 10.75 10.327935 
10.6 10.8 0.99964005 0.50001246 10.8 10.377935 
10.65 10.85 0.99965602 0.50001186 10.85 10.427936 
10.7 10.9 0.99967128 0.50001127 10.9 10.477936 
10.75 10.95 0.99968588 0.50001073 10.95 10.527936 
10.8 11 0.99969977 0.50001019 11 10.577935 
10.85 11.05 0.99971312 0.50000972 11.05 10.627935 
10.9 11.1 0.99972588 0.50000924 11.1 10.677936 
10.95 11.15 0.99973804 0.50000876 11.15 10.727936 
11 11.2 0.99974972 0.50000834 11.2 10.777936 
11.05 11.25 0.99976087 0.50000793 11.25 10.827935 
11.1 11.3 0.99977148 0.50000757 11.3 10.877935 
11.15 11.35 0.99978167 0.50000721 11.35 10.927936 
11.2 11.4 0.99979138 0.50000685 11.4 10.977936 
11.25 11.45 0.99980068 0.5000065 11.45 11.027936 
11.3 11.5 0.99980956 0.5000062 11.5 11.077935 
11.35 11.55 0.99981809 0.5000059 11.55 11.127935 
11.4 11.6 0.99982619 0.5000056 11.6 11.177936 
11.45 11.65 0.99983394 0.5000053 11.65 11.227936 
11.5 11.7 0.99984133 0.50000507 11.7 11.277936 
11.55 11.75 0.99984843 0.50000483 11.75 11.327935 
11.6 11.8 0.99985522 0.50000459 11.8 11.377935 
11.65 11.85 0.99986166 0.50000435 11.85 11.427936 
11.7 11.9 0.99986786 0.50000417 11.9 11.477936 
11.75 11.95 0.99987376 0.50000393 11.95 11.527936 
11.8 12 0.99987942 0.50000376 12 11.577935 
11.85 12.05 0.99988484 0.50000358 12.05 11.627935 
11.9 12.1 0.99988997 0.5000034 12.1 11.677936 
11.95 12.15 0.99989492 0.50000322 12.15 11.727936 
12 12.2 0.99989963 0.5000031 12.2 11.777936 
12.05 12.25 0.99990416 0.50000292 12.25 11.827935 
12.1 12.3 0.99990845 0.5000028 12.3 11.877935 
12.15 12.35 0.99991256 0.50000262 12.35 11.927936 
12.2 12.4 0.99991649 0.5000025 12.4 11.977936 
12.25 12.45 0.99992019 0.50000238 12.45 12.027936 
12.3 12.5 0.99992383 0.50000226 12.5 12.077935 
12.35 12.55 0.99992722 0.50000215 12.55 12.127935 
12.4 12.6 0.9999305 0.50000209 12.6 12.177936 
12.45 12.65 0.9999336 0.50000197 12.65 12.227936 
12.5 12.7 0.99993658 0.50000185 12.7 12.277936 
12.55 12.75 0.99993944 0.50000179 12.75 12.327935 
12.6 12.8 0.99994218 0.50000167 12.8 12.377935 
12.65 12.85 0.99994481 0.50000161 12.85 12.427936 
12.7 12.9 0.99994725 0.50000155 12.9 12.477936 
12.75 12.95 0.99994963 0.50000143 12.95 12.527936 
12.8 13 0.9999519 0.50000137 13 12.577935 
12.85 13.05 0.9999541 0.50000131 13.05 12.627935 
12.9 13.1 0.99995613 0.50000125 13.1 12.677936 
12.95 13.15 0.99995816 0.50000119 13.15 12.727936 
13 13.2 0.99996001 0.50000113 13.2 12.777936 
13.05 13.25 0.99996185 0.50000107 13.25 12.827935 
13.1 13.3 0.99996358 0.50000101 13.3 12.877935 
13.15 13.35 0.99996519 0.50000095 13.35 12.927936 
13.2 13.4 0.9999668 0.50000095 13.4 12.977936 
13.25 13.45 0.99996829 0.50000089 13.45 13.027936 
13.3 13.5 0.99996972 0.50000083 13.5 13.077935 
13.35 13.55 0.99997109 0.50000077 13.55 13.127935 
13.4 13.6 0.9999724 0.50000077 13.6 13.177936 
13.45 13.65 0.99997365 0.50000072 13.65 13.227936 
13.5 13.7 0.99997485 0.50000072 13.7 13.277936 
13.55 13.75 0.99997598 0.50000066 13.75 13.327935 
13.6 13.8 0.99997705 0.5000006 13.8 13.377935 
13.65 13.85 0.99997813 0.5000006 13.85 13.427936 
13.7 13.9 0.99997908 0.50000054 13.9 13.477936 
13.75 13.95 0.99998003 0.50000054 13.95 13.527936 
13.8 14 0.99998093 0.50000054 14 13.577935 
13.85 14.05 0.99998182 0.50000048 14.05 13.627935 
13.9 14.1 0.99998266 0.50000048 14.1 13.677936 
13.95 14.15 0.99998343 0.50000042 14.15 13.727936 
14 14.2 0.99998415 0.50000042 14.2 13.777936 
14.05 14.25 0.99998486 0.50000042 14.25 13.827935 
14.1 14.3 0.99998558 0.50000036 14.3 13.877935 
14.15 14.35 0.99998623 0.50000036 14.35 13.927936 
14.2 14.4 0.99998683 0.50000036 14.4 13.977936 
14.25 14.45 0.99998748 0.5000003 14.45 14.027936 
14.3 14.5 0.99998802 0.5000003 14.5 14.077935 
14.35 14.55 0.99998856 0.5000003 14.55 14.127935 
14.4 14.6 0.99998909 0.5000003 14.6 14.177936 
14.45 14.65 0.99998957 0.50000024 14.65 14.227936 
14.5 14.7 0.99999005 0.50000024 14.7 14.277936 
14.55 14.75 0.99999052 0.50000024 14.75 14.327935 
14.6 14.8 0.99999094 0.50000024 14.8 14.377935 
14.65 14.85 0.99999136 0.50000024 14.85 14.427936 
14.7 14.9 0.99999177 0.50000018 14.9 14.477936 
14.75 14.95 0.99999213 0.50000018 14.95 14.527936 
14.8 15 0.99999249 0.50000018 15 14.577935 
14.85 15.05 0.99999285 0.50000018 15.05 14.627935 
14.9 15.1 0.99999315 0.50000018 15.1 14.677936 
14.95 15.15 0.99999344 0.50000018 15.15 14.727936 
15 15.2 0.99999374 0.50000018 15.2 14.777936 
15.05 15.25 0.99999404 0.50000012 15.25 14.827935 
15.1 15.3 0.99999434 0.50000012 15.3 14.877935 
15.15 15.35 0.99999458 0.50000012 15.35 14.927936 
15.2 15.4 0.99999481 0.50000012 15.4 14.977936 
15.25 15.45 0.99999505 0.50000012 15.45 15.027936 
15.3 15.5 0.99999529 0.50000012 15.5 15.077935 
15.35 15.55 0.99999553 0.50000012 15.55 15.127935 
15.4 15.6 0.99999571 0.50000012 15.6 15.177936 
15.45 15.65 0.99999589 0.50000012 15.65 15.227936 
15.5 15.7 0.99999607 0.50000012 15.7 15.277936 
15.55 15.75 0.99999624 0.50000006 15.75 15.327935 
15.6 15.8 0.99999642 0.50000006 15.8 15.377935 
15.65 15.85 0.9999966 0.50000006 15.85 15.427936 
15.7 15.9 0.99999678 0.50000006 15.9 15.477936 
15.75 15.95 0.9999969 0.50000006 15.95 15.527936 
15.8 16 0.99999708 0.50000006 16 15.577935 
15.85 16.049999 0.9999972 0.50000006 16.049999 15.627935 
15.9 16.1 0.99999732 0.50000006 16.1 15.677936 
15.95 16.15 0.99999744 0.50000006 16.15 15.727936 
16 16.200001 0.99999756 0.50000006 16.200001 15.777936 
16.049999 16.25 0.99999768 0.50000006 16.25 15.827935 
16.1 16.299999 0.99999779 0.50000006 16.299999 15.877935 
16.15 16.35 0.99999785 0.50000006 16.35 15.927936 
16.200001 16.4 0.99999797 0.50000006 16.4 15.977936 
16.25 16.450001 0.99999809 0.50000006 16.450001 16.027935 
16.299999 16.5 0.99999815 0.50000006 16.5 16.077936 
16.35 16.549999 0.99999821 0.50000006 16.549999 16.127935 
16.4 16.6 0.99999833 0.50000006 16.6 16.177937 
16.450001 16.65 0.99999839 0.50000006 16.65 16.227936 
16.5 16.700001 0.99999845 0.50000006 16.700001 16.277935 
16.549999 16.75 0.99999857 0.50000006 16.75 16.327936 
16.6 16.799999 0.99999863 0.50000006 16.799999 16.377935 
16.65 16.85 0.99999869 0.5 16.85 16.427937 
16.700001 16.9 0.99999875 0.5 16.9 16.477936 
16.75 16.950001 0.99999881 0.5 16.950001 16.527935 
16.799999 17 0.99999887 0.5 17 16.577936 
16.85 17.049999 0.99999893 0.5 17.049999 16.627935 
16.9 17.1 0.99999893 0.5 17.1 16.677937 
16.950001 17.15 0.99999899 0.5 17.15 16.727936 
17 17.200001 0.99999905 0.5 17.200001 16.777935 
17.049999 17.25 0.99999911 0.5 17.25 16.827936 
17.1 17.299999 0.99999911 0.5 17.299999 16.877935 
17.15 17.35 0.99999917 0.5 17.35 16.927937 
17.200001 17.4 0.99999923 0.5 17.4 16.977936 
17.25 17.450001 0.99999923 0.5 17.450001 17.027935 
17.299999 17.5 0.99999928 0.5 17.5 17.077936 
17.35 17.549999 0.99999928 0.5 17.549999 17.127935 
17.4 17.6 0.99999934 0.5 17.6 17.177937 
17.450001 17.65 0.9999994 0.5 17.65 17.227936 
17.5 17.700001 0.9999994 0.5 17.700001 17.277935 
17.549999 17.75 0.9999994 0.5 17.75 17.327936 
17.6 17.799999 0.99999946 0.5 17.799999 17.377935 
17.65 17.85 0.99999946 0.5 17.85 17.427937 
17.700001 17.9 0.99999952 0.5 17.9 17.477936 
17.75 17.950001 0.99999952 0.5 17.950001 17.527935 
17.799999 18 0.99999952 0.5 18 17.577936 
17.85 18.049999 0.99999958 0.5 18.049999 17.627935 
17.9 18.1 0.99999958 0.5 18.1 17.677937 
17.950001 18.15 0.99999958 0.5 18.15 17.727936 
18 18.200001 0.99999964 0.5 18.200001 17.777935 
18.049999 18.25 0.99999964 0.5 18.25 17.827936 
18.1 18.299999 0.99999964 0.5 18.299999 17.877935 
18.15 18.35 0.9999997 0.5 18.35 17.927937 
18.200001 18.4 0.9999997 0.5 18.4 17.977936 
18.25 18.450001 0.9999997 0.5 18.450001 18.027935 
18.299999 18.5 0.9999997 0.5 18.5 18.077936 
18.35 18.549999 0.99999976 0.5 18.549999 18.127935 
18.4 18.6 0.99999976 0.5 18.6 18.177937 
18.450001 18.65 0.99999976 0.5 18.65 18.227936 
18.5 18.700001 0.99999976 0.5 18.700001 18.277935 
18.549999 18.75 0.99999976 0.5 18.75 18.327936 
18.6 18.799999 0.99999976 0.5 18.799999 18.377935 
18.65 18.85 0.99999982 0.5 18.85 18.427937 
18.700001 18.9 0.99999982 0.5 18.9 18.477936 
18.75 18.950001 0.99999982 0.5 18.950001 18.527935 
18.799999 19 0.99999982 0.5 19 18.577936 
18.85 19.049999 0.99999982 0.5 19.049999 18.627935 
18.9 19.1 0.99999982 0.5 19.1 18.677937 
18.950001 19.15 0.99999982 0.5 19.15 18.727936 
19 19.200001 0.99999988 0.5 19.200001 18.777935 
19.049999 19.25 0.99999988 0.5 19.25 18.827936 
19.1 19.299999 0.99999988 0.5 19.299999 18.877935 
19.15 19.35 0.99999988 0.5 19.35 18.927937 
19.200001 19.4 0.99999988 0.5 19.4 18.977936 
19.25 19.450001 0.99999988 0.5 19.450001 19.027935 
19.299999 19.5 0.99999988 0.5 19.5 19.077936 
19.35 19.549999 0.99999988 0.5 19.549999 19.127935 
19.4 19.6 0.99999988 0.5 19.6 19.177937 
19.450001 19.65 0.99999988 0.5 19.65 19.227936 
19.5 19.700001 0.99999988 0.5 19.700001 19.277935 
19.549999 19.75 0.99999994 0.5 19.75 19.327936 
19.6 19.799999 0.99999994 0.5 19.799999 19.377935 
19.65 19.85 0.99999994 0.5 19.85 19.427937 
19.700001 19.9 0.99999994 0.5 19.9 19.477936 
19.75 19.950001 0.99999994 0.5 19.950001 19.527935 
19.799999 20 0.99999994 0.5 20 19.577936 
19.85 20.049999 0.99999994 0.5 20.049999 19.627935 
19.9 20.1 0.99999994 0.5 20.1 19.677937 
19.950001 20.15 0.99999994 0.5 20.15 19.727936 
20 20.200001 0.99999994 0.5 20.200001 19.777935 
20.049999 20.25 0.99999994 0.5 20.25 19.827936 
20.1 20.299999 0.99999994 0.5 20.299999 19.877935 
20.15 20.35 0.99999994 0.5 20.35 19.927937 
20.200001 20.4 0.99999994 0.5 20.4 19.977936 
20.25 20.450001 0.99999994 0.5 20.450001 20.027935 
20.299999 20.5 0.99999994 0.5 20.5 20.077936 
20.35 20.549999 0.99999994 0.5 20.549999 20.127935 
20.4 20.6 0.99999994 0.5 20.6 20.177937 
20.450001 20.65 0.99999994 0.5 20.65 20.227936 
20.5 20.700001 0.99999994 0.5 20.700001 20.277935 
20.549999 20.75 0.99999994 0.5 20.75 20.327936 
20.6 20.799999 0.99999994 0.5 20.799999 20.377935 
20.65 20.85 0.99999994 0.5 20.85 20.427937 
20.700001 20.9 1 0.5 20.9 20.477936 
20.75 20.950001 1 0.5 20.950001 20.527935 
20.799999 21 1 0.5 21 20.577936 
20.85 21.049999 1 0.5 21.049999 20.627935 
20.9 21.1 1 0.5 21.1 20.677937 
20.950001 21.15 1 0.5 21.15 20.727936 
21 21.200001 1 0.5 21.200001 20.777935 
21.049999 21.25 1 0.5 21.25 20.827936 
21.1 21.299999 1 0.5 21.299999 20.877935 
21.15 21.35 1 0.5 21.35 20.927937 
21.200001 21.4 1 0.5 21.4 20.977936 
21.25 21.450001 1 0.5 21.450001 21.027935 
21.299999 21.5 1 0.5 21.5 21.077936 
21.35 21.549999 1 0.5 21.549999 21.127935 
21.4 21.6 1 0.5 21.6 21.177937 
21.450001 21.65 1 0.5 21.65 21.227936 
21.5 21.700001 1 0.5 21.700001 21.277935 
21.549999 21.75 1 0.5 21.75 21.327936 
21.6 21.799999 1 0.5 21.799999 21.377935 
21.65 21.85 1 0.5 21.85 21.427937 
21.700001 21.9 1 0.5 21.9 21.477936 
21.75 21.950001 1 0.5 21.950001 21.527935 
21.799999 22 1 0.5 22 21.577936 
21.85 22.049999 1 0.5 22.049999 21.627935 
21.9 22.1 1 0.5 22.1 21.677937 
21.950001 22.15 1 0.5 22.15 21.727936 
22 22.200001 1 0.5 22.200001 21.777935 
22.049999 22.25 1 0.5 22.25 21.827936 
22.1 22.299999 1 0.5 22.299999 21.877935 
22.15 22.35 1 0.5 22.35 21.927937 
22.200001 22.4 1 0.5 22.4 21.977936 
22.25 22.450001 1 0.5 22.450001 22.027935 
22.299999 22.5 1 0.5 22.5 22.077936 
22.35 22.549999 1 0.5 22.549999 22.127935 
22.4 22.6 1 0.5 22.6 22.177937 
22.450001 22.65 1 0.5 22.65 22.227936 
22.5 22.700001 1 0.5 22.700001 22.277935 
22.549999 22.75 1 0.5 22.75 22.327936 
22.6 22.799999 1 0.5 22.799999 22.377935 
22.65 22.85 1 0.5 22.85 22.427937 
22.700001 22.9 1 0.5 22.9 22.477936 
22.75 22.950001 1 0.5 22.950001 22.527935 
22.799999 23 1 0.5 23 22.577936 
22.85 23.049999 1 0.5 23.049999 22.627935 
22.9 23.1 1 0.5 23.1 22.677937 
22.950001 23.15 1 0.5 23.15 22.727936 
23 23.200001 1 0.5 23.200001 22.777935 
23.049999 23.25 1 0.5 23.25 22.827936 
23.1 23.299999 1 0.5 23.299999 22.877935 
23.15 23.35 1 0.5 23.35 22.927937 
23.200001 23.4 1 0.5 23.4 22.977936 
23.25 23.450001 1 0.5 23.450001 23.027935 
23.299999 23.5 1 0.5 23.5 23.077936 
23.35 23.549999 1 0.5 23.549999 23.127935 
23.4 23.6 1 0.5 23.6 23.177937 
23.450001 23.65 1 0.5 23.65 23.227936 
23.5 23.700001 1 0.5 23.700001 23.277935 
23.549999 23.75 1 0.5 23.75 23.327936 
23.6 23.799999 1 0.5 23.799999 23.377935 
23.65 23.85 1 0.5 23.85 23.427937 
23.700001 23.9 1 0.5 23.9 23.477936 
23.75 23.950001 1 0.5 23.950001 23.527935 
23.799999 24 1 0.5 24 23.577936 
23.85 24.049999 1 0.5 24.049999 23.627935 
23.9 24.1 1 0.5 24.1 23.677937 
23.950001 24.15 1 0.5 24.15 23.727936 
24 24.200001 1 0.5 24.200001 23.777935 
24.049999 24.25 1 0.5 24.25 23.827936 
24.1 24.299999 1 0.5 24.299999 23.877935 
24.15 24.35 1 0.5 24.35 23.927937 
24.200001 24.4 1 0.5 24.4 23.977936 
24.25 24.450001 1 0.5 24.450001 24.027935 
24.299999 24.5 1 0.5 24.5 24.077936 
24.35 24.549999 1 0.5 24.549999 24.127935 
24.4 24.6 1 0.5 24.6 24.177937 
24.450001 24.65 1 0.5 24.65 24.227936 
24.5 24.700001 1 0.5 24.700001 24.277935 
24.549999 24.75 1 0.5 24.75 24.327936 
24.6 24.799999 1 0.5 24.799999 24.377935 
24.65 24.85 1 0.5 24.85 24.427937 
24.700001 24.9 1 0.5 24.9 24.477936 
24.75 24.950001 1 0.5 24.950001 24.527935 
24.799999 25 1 0.5 25 24.577936 
24.85 25.049999 1 0.5 25.049999 24.627935 
24.9 25.1 1 0.5 25.1 24.677937 
24.950001 25.15 1 0.5 25.15 24.727936 
25 25.200001 1 0.5 25.200001 24.777935 
25.049999 25.25 1 0.5 25.25 24.827936 
25.1 25.299999 1 0.5 25.299999 24.877935 
25.15 25.35 1 0.5 25.35 24.927937 
25.200001 25.4 1 0.5 25.4 24.977936 
25.25 25.450001 1 0.5 25.450001 25.027935 
25.299999 25.5 1 0.5 25.5 25.077936 
25.35 25.549999 1 0.5 25.549999 25.127935 
25.4 25.6 1 0.5 25.6 25.177937 
25.450001 25.65 1 0.5 25.65 25.227936 
25.5 25.700001 1 0.5 25.700001 25.277935 
25.549999 25.75 1 0.5 25.75 25.327936 
25.6 25.799999 1 0.5 25.799999 25.377935 
25.65 25.85 1 0.5 25.85 25.427937 
25.700001 25.9 1 0.5 25.9 25.477936 
25.75 25.950001 1 0.5 25.950001 25.527935 
25.799999 26 1 0.5 26 25.577936 
25.85 26.049999 1 0.5 26.049999 25.627935 
25.9 26.1 1 0.5 26.1 25.677937 
25.950001 26.15 1 0.5 26.15 25.727936 
26 26.200001 1 0.5 26.200001 25.777935 
26.049999 26.25 1 0.5 26.25 25.827936 
26.1 26.299999 1 0.5 26.299999 25.877935 
26.15 26.35 1 0.5 26.35 25.927937 
26.200001 26.4 1 0.5 26.4 25.977936 
26.25 26.450001 1 0.5 26.450001 26.027935 
26.299999 26.5 1 0.5 26.5 26.077936 
26.35 26.549999 1 0.5 26.549999 26.127935 
26.4 26.6 1 0.5 26.6 26.177937 
26.450001 26.65 1 0.5 26.65 26.227936 
26.5 26.700001 1 0.5 26.700001 26.277935 
26.549999 26.75 1 0.5 26.75 26.327936 
26.6 26.799999 1 0.5 26.799999 26.377935 
26.65 26.85 1 0.5 26.85 26.427937 
26.700001 26.9 1 0.5 26.9 26.477936 
26.75 26.950001 1 0.5 26.950001 26.527935 
26.799999 27 1 0.5 27 26.577936 
26.85 27.049999 1 0.5 27.049999 26.627935 
26.9 27.1 1 0.5 27.1 26.677937 
26.950001 27.15 1 0.5 27.15 26.727936 
27 27.200001 1 0.5 27.200001 26.777935 
27.049999 27.25 1 0.5 27.25 26.827936 
27.1 27.299999 1 0.5 27.299999 26.877935 
27.15 27.35 1 0.5 27.35 26.927937 
27.200001 27.4 1 0.5 27.4 26.977936 
27.25 27.450001 1 0.5 27.450001 27.027935 
27.299999 27.5 1 0.5 27.5 27.077936 
27.35 27.549999 1 0.5 27.549999 27.127935 
27.4 27.6 1 0.5 27.6 27.177937 
27.450001 27.65 1 0.5 27.65 27.227936 
27.5 27.700001 1 0.5 27.700001 27.277935 
27.549999 27.75 1 0.5 27.75 27.327936 
27.6 27.799999 1 0.5 27.799999 27.377935 
27.65 27.85 1 0.5 27.85 27.427937 
27.700001 27.9 1 0.5 27.9 27.477936 
27.75 27.950001 1 0.5 27.950001 27.527935 
27.799999 28 1 0.5 28 27.577936 
27.85 28.049999 1 0.5 28.049999 27.627935 
27.9 28.1 1 0.5 28.1 27.677937 
27.950001 28.15 1 0.5 28.15 27.727936 
28 28.200001 1 0.5 28.200001 27.777935 
28.049999 28.25 1 0.5 28.25 27.827936 
28.1 28.299999 1 0.5 28.299999 27.877935 
28.15 28.35 1 0.5 28.35 27.927937 
28.200001 28.4 1 0.5 28.4 27.977936 
28.25 28.450001 1 0.5 28.450001 28.027935 
28.299999 28.5 1 0.5 28.5 28.077936 
28.35 28.549999 1 0.5 28.549999 28.127935 
28.4 28.6 1 0.5 28.6 28.177937 
28.450001 28.65 1 0.5 28.65 28.227936 
28.5 28.700001 1 0.5 28.700001 28.277935 
28.549999 28.75 1 0.5 28.75 28.327936 
28.6 28.799999 1 0.5 28.799999 28.377935 
28.65 28.85 1 0.5 28.85 28.427937 
28.700001 28.9 1 0.5 28.9 28.477936 
28.75 28.950001 1 0.5 28.950001 28.527935 
28.799999 29 1 0.5 29 28.577936 
28.85 29.049999 1 0.5 29.049999 28.627935 
28.9 29.1 1 0.5 29.1 28.677937 
28.950001 29.15 1 0.5 29.15 28.727936 
29 29.200001 1 0.5 29.200001 28.777935 
29.049999 29.25 1 0.5 29.25 28.827936 
29.1 29.299999 1 0.5 29.299999 28.877935 
29.15 29.35 1 0.5 29.35 28.927937 
29.200001 29.4 1 0.5 29.4 28.977936 
29.25 29.450001 1 0.5 29.450001 29.027935 
29.299999 29.5 1 0.5 29.5 29.077936 
29.35 29.549999 1 0.5 29.549999 29.127935 
29.4 29.6 1 0.5 29.6 29.177937 
29.450001 29.65 1 0.5 29.65 29.227936 
29.5 29.700001 1 0.5 29.700001 29.277935 
29.549999 29.75 1 0.5 29.75 29.327936 
29.6 29.799999 1 0.5 29.799999 29.377935 
29.65 29.85 1 0.5 29.85 29.427937 
29.700001 29.9 1 0.5 29.9 29.477936 
29.75 29.950001 1 0.5 29.950001 29.527935 
29.799999 30 1 0.5 30 29.577936 
29.85 30.049999 1 0.5 30.049999 29.627935 
29.9 30.1 1 0.5 30.1 29.677937 
29.950001 30.15 1 0.5 30.15 29.727936 
30 30.200001 1 0.5 30.200001 29.777935 
30.049999 30.25 1 0.5 30.25 29.827936 
30.1 30.299999 1 0.5 30.299999 29.877935 
30.15 30.35 1 0.5 30.35 29.927937 
30.200001 30.4 1 0.5 30.4 29.977936 
30.25 30.450001 1 0.5 30.450001 30.027935 
30.299999 30.5 1 0.5 30.5 30.077936 
30.35 30.549999 1 0.5 30.549999 30.127935 
30.4 30.6 1 0.5 30.6 30.177937 
30.450001 30.65 1 0.5 30.65 30.227936 
30.5 30.700001 1 0.5 30.700001 30.277935 
30.549999 30.75 1 0.5 30.75 30.327936 
30.6 30.799999 1 0.5 30.799999 30.377935 
30.65 30.85 1 0.5 30.85 30.427937 
30.700001 30.9 1 0.5 30.9 30.477936 
30.75 30.950001 1 0.5 30.950001 30.527935 
30.799999 31 1 0.5 31 30.577936 
30.85 31.049999 1 0.5 31.049999 30.627935 
30.9 31.1 1 0.5 31.1 30.677937 
30.950001 31.15 1 0.5 31.15 30.727936 
31 31.200001 1 0.5 31.200001 30.777935 
31.049999 31.25 1 0.5 31.25 30.827936 
31.1 31.299999 1 0.5 31.299999 30.877935 
31.15 31.35 1 0.5 31.35 30.927937 
31.200001 31.4 1 0.5 31.4 30.977936 
31.25 31.450001 1 0.5 31.450001 31.027935 
31.299999 31.5 1 0.5 31.5 31.077936 
31.35 31.549999 1 0.5 31.549999 31.127935 
31.4 31.6 1 0.5 31.6 31.177937 
31.450001 31.65 1 0.5 31.65 31.227936 
31.5 31.700001 1 0.5 31.700001 31.277935 
31.549999 31.75 1 0.5 31.75 31.327936 
31.6 31.799999 1 0.5 31.799999 31.377935 
31.65 31.85 1 0.5 31.85 31.427937 
31.700001 31.9 1 0.5 31.9 31.477936 
31.75 31.950001 1 0.5 31.950001 31.527935 
31.799999 32 1 0.5 32 31.577936 
31.85 32.049999 1 0.5 32.049999 31.627935 
31.9 32.099998 1 0.5 32.099998 31.677937 
31.950001 32.150002 1 0.5 32.150002 31.727936 
32 32.200001 1 0.5 32.200001 31.777935 
32.049999 32.25 1 0.5 32.25 31.827936 
32.099998 32.299999 1 0.5 32.299999 31.877935 
32.150002 32.349998 1 0.5 32.349998 31.927937 
32.200001 32.400002 1 0.5 32.400002 31.977936 
32.25 32.450001 1 0.5 32.450001 32.027935 
32.299999 32.5 1 0.5 32.5 32.077934 
32.349998 32.549999 1 0.5 32.549999 32.127937 
32.400002 32.599998 1 0.5 32.599998 32.177937 
32.450001 32.650002 1 0.5 32.650002 32.227936 
32.5 32.700001 1 0.5 32.700001 32.277935 
32.549999 32.75 1 0.5 32.75 32.327934 
32.599998 32.799999 1 0.5 32.799999 32.377937 
32.650002 32.849998 1 0.5 32.849998 32.427937 
32.700001 32.900002 1 0.5 32.900002 32.477936 
32.75 32.950001 1 0.5 32.950001 32.527935 
32.799999 33 1 0.5 33 32.577934 
32.849998 33.049999 1 0.5 33.049999 32.627937 
32.900002 33.099998 1 0.5 33.099998 32.677937 
32.950001 33.150002 1 0.5 33.150002 32.727936 
33 33.200001 1 0.5 33.200001 32.777935 
33.049999 33.25 1 0.5 33.25 32.827934 
33.099998 33.299999 1 0.5 33.299999 32.877937 
33.150002 33.349998 1 0.5 33.349998 32.927937 
33.200001 33.400002 1 0.5 33.400002 32.977936 
33.25 33.450001 1 0.5 33.450001 33.027935 
33.299999 33.5 1 0.5 33.5 33.077934 
33.349998 33.549999 1 0.5 33.549999 33.127937 
33.400002 33.599998 1 0.5 33.599998 33.177937 
33.450001 33.650002 1 0.5 33.650002 33.227936 
33.5 33.700001 1 0.5 33.700001 33.277935 
33.549999 33.75 1 0.5 33.75 33.327934 
33.599998 33.799999 1 0.5 33.799999 33.377937 
33.650002 33.849998 1 0.5 33.849998 33.427937 
33.700001 33.900002 1 0.5 33.900002 33.477936 
33.75 33.950001 1 0.5 33.950001 33.527935 
33.799999 34 1 0.5 34 33.577934 
33.849998 34.049999 1 0.5 34.049999 33.627937 
33.900002 34.099998 1 0.5 34.099998 33.677937 
33.950001 34.150002 1 0.5 34.150002 33.727936 
34 34.200001 1 0.5 34.200001 33.777935 
34.049999 34.25 1 0.5 34.25 33.827934 
34.099998 34.299999 1 0.5 34.299999 33.877937 
34.150002 34.349998 1 0.5 34.349998 33.927937 
34.200001 34.400002 1 0.5 34.400002 33.977936 
34.25 34.450001 1 0.5 34.450001 34.027935 
34.299999 34.5 1 0.5 34.5 34.077934 
34.349998 34.549999 1 0.5 34.549999 34.127937 
34.400002 34.599998 1 0.5 34.599998 34.177937 
34.450001 34.650002 1 0.5 34.650002 34.227936 
34.5 34.700001 1 0.5 34.700001 34.277935 
34.549999 34.75 1 0.5 34.75 34.327934 
34.599998 34.799999 1 0.5 34.799999 34.377937 
34.650002 34.849998 1 0.5 34.849998 34.427937 
34.700001 34.900002 1 0.5 34.900002 34.477936 
34.75 34.950001 1 0.5 34.950001 34.527935 
34.799999 35 1 0.5 35 34.577934 
34.849998 35.049999 1 0.5 35.049999 34.627937 
34.900002 35.099998 1 0.5 35.099998 34.677937 
34.950001 35.150002 1 0.5 35.150002 34.727936 
35 35.200001 1 0.5 35.200001 34.777935 
35.049999 35.25 1 0.5 35.25 34.827934 
35.099998 35.299999 1 0.5 35.299999 34.877937 
35.150002 35.349998 1 0.5 35.349998 34.927937 
35.200001 35.400002 1 0.5 35.400002 34.977936 
35.25 35.450001 1 0.5 35.450001 35.027935 
35.299999 35.5 1 0.5 35.5 35.077934 
35.349998 35.549999 1 0.5 35.549999 35.127937 
35.400002 35.599998 1 0.5 35.599998 35.177937 
35.450001 35.650002 1 0.5 35.650002 35.227936 
35.5 35.700001 1 0.5 35.700001 35.277935 
35.549999 35.75 1 0.5 35.75 35.327934 
35.599998 35.799999 1 0.5 35.799999 35.377937 
35.650002 35.849998 1 0.5 35.849998 35.427937 
35.700001 35.900002 1 0.5 35.900002 35.477936 
35.75 35.950001 1 0.5 35.950001 35.527935 
35.799999 36 1 0.5 36 35.577934 
35.849998 36.049999 1 0.5 36.049999 35.627937 
35.900002 36.099998 1 0.5 36.099998 35.677937 
35.950001 36.150002 1 0.5 36.150002 35.727936 
36 36.200001 1 0.5 36.200001 35.777935 
36.049999 36.25 1 0.5 36.25 35.827934 
36.099998 36.299999 1 0.5 36.299999 35.877937 
36.150002 36.349998 1 0.5 36.349998 35.927937 
36.200001 36.400002 1 0.5 36.400002 35.977936 
36.25 36.450001 1 0.5 36.450001 36.027935 
36.299999 36.5 1 0.5 36.5 36.077934 
36.349998 36.549999 1 0.5 36.549999 36.127937 
36.400002 36.599998 1 0.5 36.599998 36.177937 
36.450001 36.650002 1 0.5 36.650002 36.227936 
36.5 36.700001 1 0.5 36.700001 36.277935 
36.549999 36.75 1 0.5 36.75 36.327934 
36.599998 36.799999 1 0.5 36.799999 36.377937 
36.650002 36.849998 1 0.5 36.849998 36.427937 
36.700001 36.900002 1 0.5 36.900002 36.477936 
36.75 36.950001 1 0.5 36.950001 36.527935 
36.799999 37 1 0.5 37 36.577934 
36.849998 37.049999 1 0.5 37.049999 36.627937 
36.900002 37.099998 1 0.5 37.099998 36.677937 
36.950001 37.150002 1 0.5 37.150002 36.727936 
37 37.200001 1 0.5 37.200001 36.777935 
37.049999 37.25 1 0.5 37.25 36.827934 
37.099998 37.299999 1 0.5 37.299999 36.877937 
37.150002 37.349998 1 0.5 37.349998 36.927937 
37.200001 37.400002 1 0.5 37.400002 36.977936 
37.25 37.450001 1 0.5 37.450001 37.027935 
37.299999 37.5 1 0.5 37.5 37.077934 
37.349998 37.549999 1 0.5 37.549999 37.127937 
37.400002 37.599998 1 0.5 37.599998 37.177937 
37.450001 37.650002 1 0.5 37.650002 37.227936 
37.5 37.700001 1 0.5 37.700001 37.277935 
37.549999 37.75 1 0.5 37.75 37.327934 
37.599998 37.799999 1 0.5 37.799999 37.377937 
37.650002 37.849998 1 0.5 37.849998 37.427937 
37.700001 37.900002 1 0.5 37.900002 37.477936 
37.75 37.950001 1 0.5 37.950001 37.527935 
37.799999 38 1 0.5 38 37.577934 
37.849998 38.049999 1 0.5 38.049999 37.627937 
37.900002 38.099998 1 0.5 38.099998 37.677937 
37.950001 38.150002 1 0.5 38.150002 37.727936 
38 38.200001 1 0.5 38.200001 37.777935 
38.049999 38.25 1 0.5 38.25 37.827934 
38.099998 38.299999 1 0.5 38.299999 37.877937 
38.150002 38.349998 1 0.5 38.349998 37.927937 
38.200001 38.400002 1 0.5 38.400002 37.977936 
38.25 38.450001 1 0.5 38.450001 38.027935 
38.299999 38.5 1 0.5 38.5 38.077934 
38.349998 38.549999 1 0.5 38.549999 38.127937 
38.400002 38.599998 1 0.5 38.599998 38.177937 
38.450001 38.650002 1 0.5 38.650002 38.227936 
38.5 38.700001 1 0.5 38.700001 38.277935 
38.549999 38.75 1 0.5 38.75 38.327934 
38.599998 38.799999 1 0.5 38.799999 38.377937 
38.650002 38.849998 1 0.5 38.849998 38.427937 
38.700001 38.900002 1 0.5 38.900002 38.477936 
38.75 38.950001 1 0.5 38.950001 38.527935 
38.799999 39 1 0.5 39 38.577934 
38.849998 39.049999 1 0.5 39.049999 38.627937 
38.900002 39.099998 1 0.5 39.099998 38.677937 
38.950001 39.150002 1 0.5 39.150002 38.727936 
39 39.200001 1 0.5 39.200001 38.777935 
39.049999 39.25 1 0.5 39.25 38.827934 
39.099998 39.299999 1 0.5 39.299999 38.877937 
39.150002 39.349998 1 0.5 39.349998 38.927937 
39.200001 39.400002 1 0.5 39.400002 38.977936 
39.25 39.450001 1 0.5 39.450001 39.027935 
39.299999 39.5 1 0.5 39.5 39.077934 
39.349998 39.549999 1 0.5 39.549999 39.127937 
39.400002 39.599998 1 0.5 39.599998 39.177937 
39.450001 39.650002 1 0.5 39.650002 39.227936 
39.5 39.700001 1 0.5 39.700001 39.277935 
39.549999 39.75 1 0.5 39.75 39.327934 
39.599998 39.799999 1 0.5 39.799999 39.377937 
39.650002 39.849998 1 0.5 39.849998 39.427937 
39.700001 39.900002 1 0.5 39.900002 39.477936 
39.75 39.950001 1 0.5 39.950001 39.527935 
39.799999 40 1 0.5 40 39.577934 
39.849998 40.049999 1 0.5 40.049999 39.627937 
39.900002 40.099998 1 0.5 40.099998 39.677937 
39.950001 40.150002 1 0.5 40.150002 39.727936 
40 40.200001 1 0.5 40.200001 39.777935 
40.049999 40.25 1 0.5 40.25 39.827934 
40.099998 40.299999 1 0.5 40.299999 39.877937 
40.150002 40.349998 1 0.5 40.349998 39.927937 
40.200001 40.400002 1 0.5 40.400002 39.977936 
40.25 40.450001 1 0.5 40.450001 40.027935 
40.299999 40.5 1 0.5 40.5 40.077934 
40.349998 40.549999 1 0.5 40.549999 40.127937 
40.400002 40.599998 1 0.5 40.599998 40.177937 
40.450001 40.650002 1 0.5 40.650002 40.227936 
40.5 40.700001 1 0.5 40.700001 40.277935 
40.549999 40.75 1 0.5 40.75 40.327934 
40.599998 40.799999 1 0.5 40.799999 40.377937 
40.650002 40.849998 1 0.5 40.849998 40.427937 
40.700001 40.900002 1 0.5 40.900002 40.477936 
40.75 40.950001 1 0.5 40.950001 40.527935 
40.799999 41 1 0.5 41 40.577934 
40.849998 41.049999 1 0.5 41.049999 40.627937 
40.900002 41.099998 1 0.5 41.099998 40.677937 
40.950001 41.150002 1 0.5 41.150002 40.727936 
41 41.200001 1 0.5 41.200001 40.777935 
41.049999 41.25 1 0.5 41.25 40.827934 
41.099998 41.299999 1 0.5 41.299999 40.877937 
41.150002 41.349998 1 0.5 41.349998 40.927937 
41.200001 41.400002 1 0.5 41.400002 40.977936 
41.25 41.450001 1 0.5 41.450001 41.027935 
41.299999 41.5 1 0.5 41.5 41.077934 
41.349998 41.549999 1 0.5 41.549999 41.127937 
41.400002 41.599998 1 0.5 41.599998 41.177937 
41.450001 41.650002 1 0.5 41.650002 41.227936 
41.5 41.700001 1 0.5 41.700001 41.277935 
41.549999 41.75 1 0.5 41.75 41.327934 
41.599998 41.799999 1 0.5 41.799999 41.377937 
41.650002 41.849998 1 0.5 41.849998 41.427937 
41.700001 41.900002 1 0.5 41.900002 41.477936 
41.75 41.950001 1 0.5 41.950001 41.527935 
41.799999 42 1 0.5 42 41.577934 
41.849998 42.049999 1 0.5 42.049999 41.627937 
41.900002 42.099998 1 0.5 42.099998 41.677937 
41.950001 42.150002 1 0.5 42.150002 41.727936 
42 42.200001 1 0.5 42.200001 41.777935 
42.049999 42.25 1 0.5 42.25 41.827934 
42.099998 42.299999 1 0.5 42.299999 41.877937 
42.150002 42.349998 1 0.5 42.349998 41.927937 
42.200001 42.400002 1 0.5 42.400002 41.977936 
42.25 42.450001 1 0.5 42.450001 42.027935 
42.299999 42.5 1 0.5 42.5 42.077934 
42.349998 42.549999 1 0.5 42.549999 42.127937 
42.400002 42.599998 1 0.5 42.599998 42.177937 
42.450001 42.650002 1 0.5 42.650002 42.227936 
42.5 42.700001 1 0.5 42.700001 42.277935 
42.549999 42.75 1 0.5 42.75 42.327934 
42.599998 42.799999 1 0.5 42.799999 42.377937 
42.650002 42.849998 1 0.5 42.849998 42.427937 
42.700001 42.900002 1 0.5 42.900002 42.477936 
42.75 42.950001 1 0.5 42.950001 42.527935 
42.799999 43 1 0.5 43 42.577934 
42.849998 43.049999 1 0.5 43.049999 42.627937 
42.900002 43.099998 1 0.5 43.099998 42.677937 
42.950001 43.150002 1 0.5 43.150002 42.727936 
43 43.200001 1 0.5 43.200001 42.777935 
43.049999 43.25 1 0.5 43.25 42.827934 
43.099998 43.299999 1 0.5 43.299999 42.877937 
43.150002 43.349998 1 0.5 43.349998 42.927937 
43.200001 43.400002 1 0.5 43.400002 42.977936 
43.25 43.450001 1 0.5 43.450001 43.027935 
43.299999 43.5 1 0.5 43.5 43.077934 
43.349998 43.549999 1 0.5 43.549999 43.127937 
43.400002 43.599998 1 0.5 43.599998 43.177937 
43.450001 43.650002 1 0.5 43.650002 43.227936 
43.5 43.700001 1 0.5 43.700001 43.277935 
43.549999 43.75 1 0.5 43.75 43.327934 
43.599998 43.799999 1 0.5 43.799999 43.377937 
43.650002 43.849998 1 0.5 43.849998 43.427937 
43.700001 43.900002 1 0.5 43.900002 43.477936 
43.75 43.950001 1 0.5 43.950001 43.527935 
43.799999 44 1 0.5 44 43.577934 
43.849998 44.049999 1 0.5 44.049999 43.627937 
43.900002 44.099998 1 0.5 44.099998 43.677937 
43.950001 44.150002 1 0.5 44.150002 43.727936 
44 44.200001 1 0.5 44.200001 43.777935 
44.049999 44.25 1 0.5 44.25 43.827934 
44.099998 44.299999 1 0.5 44.299999 43.877937 
44.150002 44.349998 1 0.5 44.349998 43.927937 
44.200001 44.400002 1 0.5 44.400002 43.977936 
44.25 44.450001 1 0.5 44.450001 44.027935 
44.299999 44.5 1 0.5 44.5 44.077934 
44.349998 44.549999 1 0.5 44.549999 44.127937 
44.400002 44.599998 1 0.5 44.599998 44.177937 
44.450001 44.650002 1 0.5 44.650002 44.227936 
44.5 44.700001 1 0.5 44.700001 44.277935 
44.549999 44.75 1 0.5 44.75 44.327934 
44.599998 44.799999 1 0.5 44.799999 44.377937 
44.650002 44.849998 1 0.5 44.849998 44.427937 
44.700001 44.900002 1 0.5 44.900002 44.477936 
44.75 44.950001 1 0.5 44.950001 44.527935 
44.799999 45 1 0.5 45 44.577934 
44.849998 45.049999 1 0.5 45.049999 44.627937 
44.900002 45.099998 1 0.5 45.099998 44.677937 
44.950001 45.150002 1 0.5 45.150002 44.727936 
45 45.200001 1 0.5 45.200001 44.777935 
45.049999 45.25 1 0.5 45.25 44.827934 
45.099998 45.299999 1 0.5 45.299999 44.877937 
45.150002 45.349998 1 0.5 45.349998 44.927937 
45.200001 45.400002 1 0.5 45.400002 44.977936 
45.25 45.450001 1 0.5 45.450001 45.027935 
45.299999 45.5 1 0.5 45.5 45.077934 
45.349998 45.549999 1 0.5 45.549999 45.127937 
45.400002 45.599998 1 0.5 45.599998 45.177937 
45.450001 45.650002 1 0.5 45.650002 45.227936 
45.5 45.700001 1 0.5 45.700001 45.277935 
45.549999 45.75 1 0.5 45.75 45.327934 
45.599998 45.799999 1 0.5 45.799999 45.377937 
45.650002 45.849998 1 0.5 45.849998 45.427937 
45.700001 45.900002 1 0.5 45.900002 45.477936 
45.75 45.950001 1 0.5 45.950001 45.527935 
45.799999 46 1 0.5 46 45.577934 
45.849998 46.049999 1 0.5 46.049999 45.627937 
45.900002 46.099998 1 0.5 46.099998 45.677937 
45.950001 46.150002 1 0.5 46.150002 45.727936 
46 46.200001 1 0.5 46.200001 45.777935 
46.049999 46.25 1 0.5 46.25 45.827934 
46.099998 46.299999 1 0.5 46.299999 45.877937 
46.150002 46.349998 1 0.5 46.349998 45.927937 
46.200001 46.400002 1 0.5 46.400002 45.977936 
46.25 46.450001 1 0.5 46.450001 46.027935 
46.299999 46.5 1 0.5 46.5 46.077934 
46.349998 46.549999 1 0.5 46.549999 46.127937 
46.400002 46.599998 1 0.5 46.599998 46.177937 
46.450001 46.650002 1 0.5 46.650002 46.227936 
46.5 46.700001 1 0.5 46.700001 46.277935 
46.549999 46.75 1 0.5 46.75 46.327934 
46.599998 46.799999 1 0.5 46.799999 46.377937 
46.650002 46.849998 1 0.5 46.849998 46.427937 
46.700001 46.900002 1 0.5 46.900002 46.477936 
46.75 46.950001 1 0.5 46.950001 46.527935 
46.799999 47 1 0.5 47 46.577934 
46.849998 47.049999 1 0.5 47.049999 46.627937 
46.900002 47.099998 1 0.5 47.099998 46.677937 
46.950001 47.150002 1 0.5 47.150002 46.727936 
47 47.200001 1 0.5 47.200001 46.777935 
47.049999 47.25 1 0.5 47.25 46.827934 
47.099998 47.299999 1 0.5 47.299999 46.877937 
47.150002 47.349998 1 0.5 47.349998 46.927937 
47.200001 47.400002 1 0.5 47.400002 46.977936 
47.25 47.450001 1 0.5 47.450001 47.027935 
47.299999 47.5 1 0.5 47.5 47.077934 
47.349998 47.549999 1 0.5 47.549999 47.127937 
47.400002 47.599998 1 0.5 47.599998 47.177937 
47.450001 47.650002 1 0.5 47.650002 47.227936 
47.5 47.700001 1 0.5 47.700001 47.277935 
47.549999 47.75 1 0.5 47.75 47.327934 
47.599998 47.799999 1 0.5 47.799999 47.377937 
47.650002 47.849998 1 0.5 47.849998 47.427937 
47.700001 47.900002 1 0.5 47.900002 47.477936 
47.75 47.950001 1 0.5 47.950001 47.527935 
47.799999 48 1 0.5 48 47.577934 
47.849998 48.049999 1 0.5 48.049999 47.627937 
47.900002 48.099998 1 0.5 48.099998 47.677937 
47.950001 48.150002 1 0.5 48.150002 47.727936 
48 48.200001 1 0.5 48.200001 47.777935 
48.049999 48.25 1 0.5 48.25 47.827934 
48.099998 48.299999 1 0.5 48.299999 47.877937 
48.150002 48.349998 1 0.5 48.349998 47.927937 
48.200001 48.400002 1 0.5 48.400002 47.977936 
48.25 48.450001 1 0.5 48.450001 48.027935 
48.299999 48.5 1 0.5 48.5 48.077934 
48.349998 48.549999 1 0.5 48.549999 48.127937 
48.400002 48.599998 1 0.5 48.599998 48.177937 
48.450001 48.650002 1 0.5 48.650002 48.227936 
48.5 48.700001 1 0.5 48.700001 48.277935 
48.549999 48.75 1 0.5 48.75 48.327934 
48.599998 48.799999 1 0.5 48.799999 48.377937 
48.650002 48.849998 1 0.5 48.849998 48.427937 
48.700001 48.900002 1 0.5 48.900002 48.477936 
48.75 48.950001 1 0.5 48.950001 48.527935 
48.799999 49 1 0.5 49 48.577934 
48.849998 49.049999 1 0.5 49.049999 48.627937 
48.900002 49.099998 1 0.5 49.099998 48.677937 
48.950001 49.150002 1 0.5 49.150002 48.727936 
49 49.200001 1 0.5 49.200001 48.777935 
49.049999 49.25 1 0.5 49.25 48.827934 
49.099998 49.299999 1 0.5 49.299999 48.877937 
49.150002 49.349998 1 0.5 49.349998 48.927937 
49.200001 49.400002 1 0.5 49.400002 48.977936 
49.25 49.450001 1 0.5 49.450001 49.027935 
49.299999 49.5 1 0.5 49.5 49.077934 
49.349998 49.549999 1 0.5 49.549999 49.127937 
49.400002 49.599998 1 0.5 49.599998 49.177937 
49.450001 49.650002 1 0.5 49.650002 49.227936 
49.5 49.700001 1 0.5 49.700001 49.277935 
49.549999 49.75 1 0.5 49.75 49.327934 
49.599998 49.799999 1 0.5 49.799999 49.377937 
49.650002 49.849998 1 0.5 49.849998 49.427937 
49.700001 49.900002 1 0.5 49.900002 49.477936 
49.75 49.950001 1 0.5 49.950001 49.527935 
49.799999 50 1 0.5 50 49.577934 
49.849998 50.049999 1 0.5 50.049999 49.627937 
49.900002 50.099998 1 0.5 50.099998 49.677937 
49.950001 50.150002 1 0.5 50.150002 49.727936 
50 50.200001 1 0.5 50.200001 49.777935 
50.049999 50.25 1 0.5 50.25 49.827934 
50.099998 50.299999 1 0.5 50.299999 49.877937 
50.150002 50.349998 1 0.5 50.349998 49.927937 
50.200001 50.400002 1 0.5 50.400002 49.977936 
50.25 50.450001 1 0.5 50.450001 50.027935 
50.299999 50.5 1 0.5 50.5 50.077934 
50.349998 50.549999 1 0.5 50.549999 50.127937 
50.400002 50.599998 1 0.5 50.599998 50.177937 
50.450001 50.650002 1 0.5 50.650002 50.227936 
50.5 50.700001 1 0.5 50.700001 50.277935 
50.549999 50.75 1 0.5 50.75 50.327934 
50.599998 50.799999 1 0.5 50.799999 50.377937 
50.650002 50.849998 1 0.5 50.849998 50.427937 
50.700001 50.900002 1 0.5 50.900002 50.477936 
50.75 50.950001 1 0.5 50.950001 50.527935 
50.799999 51 1 0.5 51 50.577934 
50.849998 51.049999 1 0.5 51.049999 50.627937 
50.900002 51.099998 1 0.5 51.099998 50.677937 
50.950001 51.150002 1 0.5 51.150002 50.727936 
51 51.200001 1 0.5 51.200001 50.777935 
51.049999 51.25 1 0.5 51.25 50.827934 
51.099998 51.299999 1 0.5 51.299999 50.877937 
51.150002 51.349998 1 0.5 51.349998 50.927937 
51.200001 51.400002 1 0.5 51.400002 50.977936 
51.25 51.450001 1 0.5 51.450001 51.027935 
51.299999 51.5 1 0.5 51.5 51.077934 
51.349998 51.549999 1 0.5 51.549999 51.127937 
51.400002 51.599998 1 0.5 51.599998 51.177937 
51.450001 51.650002 1 0.5 51.650002 51.227936 
51.5 51.700001 1 0.5 51.700001 51.277935 
51.549999 51.75 1 0.5 51.75 51.327934 
51.599998 51.799999 1 0.5 51.799999 51.377937 
51.650002 51.849998 1 0.5 51.849998 51.427937 
51.700001 51.900002 1 0.5 51.900002 51.477936 
51.75 51.950001 1 0.5 51.950001 51.527935 
51.799999 52 1 0.5 52 51.577934 
51.849998 52.049999 1 0.5 52.049999 51.627937 
51.900002 52.099998 1 0.5 52.099998 51.677937 
51.950001 52.150002 1 0.5 52.150002 51.727936 
52 52.200001 1 0.5 52.200001 51.777935 
52.049999 52.25 1 0.5 52.25 51.827934 
52.099998 52.299999 1 0.5 52.299999 51.877937 
52.150002 52.349998 1 0.5 52.349998 51.927937 
52.200001 52.400002 1 0.5 52.400002 51.977936 
52.25 52.450001 1 0.5 52.450001 52.027935 
52.299999 52.5 1 0.5 52.5 52.077934 
52.349998 52.549999 1 0.5 52.549999 52.127937 
52.400002 52.599998 1 0.5 52.599998 52.177937 
52.450001 52.650002 1 0.5 52.650002 52.227936 
52.5 52.700001 1 0.5 52.700001 52.277935 
52.549999 52.75 1 0.5 52.75 52.327934 
52.599998 52.799999 1 0.5 52.799999 52.377937 
52.650002 52.849998 1 0.5 52.849998 52.427937 
52.700001 52.900002 1 0.5 52.900002 52.477936 
52.75 52.950001 1 0.5 52.950001 52.527935 
52.799999 53 1 0.5 53 52.577934 
52.849998 53.049999 1 0.5 53.049999 52.627937 
52.900002 53.099998 1 0.5 53.099998 52.677937 
52.950001 53.150002 1 0.5 53.150002 52.727936 
53 53.200001 1 0.5 53.200001 52.777935 
53.049999 53.25 1 0.5 53.25 52.827934 
53.099998 53.299999 1 0.5 53.299999 52.877937 
53.150002 53.349998 1 0.5 53.349998 52.927937 
53.200001 53.400002 1 0.5 53.400002 52.977936 
53.25 53.450001 1 0.5 53.450001 53.027935 
53.299999 53.5 1 0.5 53.5 53.077934 
53.349998 53.549999 1 0.5 53.549999 53.127937 
53.400002 53.599998 1 0.5 53.599998 53.177937 
53.450001 53.650002 1 0.5 53.650002 53.227936 
53.5 53.700001 1 0.5 53.700001 53.277935 
53.549999 53.75 1 0.5 53.75 53.327934 
53.599998 53.799999 1 0.5 53.799999 53.377937 
53.650002 53.849998 1 0.5 53.849998 53.427937 
53.700001 53.900002 1 0.5 53.900002 53.477936 
53.75 53.950001 1 0.5 53.950001 53.527935 
53.799999 54 1 0.5 54 53.577934 
53.849998 54.049999 1 0.5 54.049999 53.627937 
53.900002 54.099998 1 0.5 54.099998 53.677937 
53.950001 54.150002 1 0.5 54.150002 53.727936 
54 54.200001 1 0.5 54.200001 53.777935 
54.049999 54.25 1 0.5 54.25 53.827934 
54.099998 54.299999 1 0.5 54.299999 53.877937 
54.150002 54.349998 1 0.5 54.349998 53.927937 
54.200001 54.400002 1 0.5 54.400002 53.977936 
54.25 54.450001 1 0.5 54.450001 54.027935 
54.299999 54.5 1 0.5 54.5 54.077934 
54.349998 54.549999 1 0.5 54.549999 54.127937 
54.400002 54.599998 1 0.5 54.599998 54.177937 
54.450001 54.650002 1 0.5 54.650002 54.227936 
54.5 54.700001 1 0.5 54.700001 54.277935 
54.549999 54.75 1 0.5 54.75 54.327934 
54.599998 54.799999 1 0.5 54.799999 54.377937 
54.650002 54.849998 1 0.5 54.849998 54.427937 
54.700001 54.900002 1 0.5 54.900002 54.477936 
54.75 54.950001 1 0.5 54.950001 54.527935 
54.799999 55 1 0.5 55 54.577934 
54.849998 55.049999 1 0.5 55.049999 54.627937 
54.900002 55.099998 1 0.5 55.099998 54.677937 
54.950001 55.150002 1 0.5 55.150002 54.727936 
55 55.200001 1 0.5 55.200001 54.777935 
55.049999 55.25 1 0.5 55.25 54.827934 
55.099998 55.299999 1 0.5 55.299999 54.877937 
55.150002 55.349998 1 0.5 55.349998 54.927937 
55.200001 55.400002 1 0.5 55.400002 54.977936 
55.25 55.450001 1 0.5 55.450001 55.027935 
55.299999 55.5 1 0.5 55.5 55.077934 
55.349998 55.549999 1 0.5 55.549999 55.127937 
55.400002 55.599998 1 0.5 55.599998 55.177937 
55.450001 55.650002 1 0.5 55.650002 55.227936 
55.5 55.700001 1 0.5 55.700001 55.277935 
55.549999 55.75 1 0.5 55.75 55.327934 
55.599998 55.799999 1 0.5 55.799999 55.377937 
55.650002 55.849998 1 0.5 55.849998 55.427937 
55.700001 55.900002 1 0.5 55.900002 55.477936 
55.75 55.950001 1 0.5 55.950001 55.527935 
55.799999 56 1 0.5 56 55.577934 
55.849998 56.049999 1 0.5 56.049999 55.627937 
55.900002 56.099998 1 0.5 56.099998 55.677937 
55.950001 56.150002 1 0.5 56.150002 55.727936 
56 56.200001 1 0.5 56.200001 55.777935 
56.049999 56.25 1 0.5 56.25 55.827934 
56.099998 56.299999 1 0.5 56.299999 55.877937 
56.150002 56.349998 1 0.5 56.349998 55.927937 
56.200001 56.400002 1 0.5 56.400002 55.977936 
56.25 56.450001 1 0.5 56.450001 56.027935 
56.299999 56.5 1 0.5 56.5 56.077934 
56.349998 56.549999 1 0.5 56.549999 56.127937 
56.400002 56.599998 1 0.5 56.599998 56.177937 
56.450001 56.650002 1 0.5 56.650002 56.227936 
56.5 56.700001 1 0.5 56.700001 56.277935 
56.549999 56.75 1 0.5 56.75 56.327934 
56.599998 56.799999 1 0.5 56.799999 56.377937 
56.650002 56.849998 1 0.5 56.849998 56.427937 
56.700001 56.900002 1 0.5 56.900002 56.477936 
56.75 56.950001 1 0.5 56.950001 56.527935 
56.799999 57 1 0.5 57 56.577934 
56.849998 57.049999 1 0.5 57.049999 56.627937 
56.900002 57.099998 1 0.5 57.099998 56.677937 
56.950001 57.150002 1 0.5 57.150002 56.727936 
57 57.200001 1 0.5 57.200001 56.777935 
57.049999 57.25 1 0.5 57.25 56.827934 
57.099998 57.299999 1 0.5 57.299999 56.877937 
57.150002 57.349998 1 0.5 57.349998 56.927937 
57.200001 57.400002 1 0.5 57.400002 56.977936 
57.25 57.450001 1 0.5 57.450001 57.027935 
57.299999 57.5 1 0.5 57.5 57.077934 
57.349998 57.549999 1 0.5 57.549999 57.127937 
57.400002 57.599998 1 0.5 57.599998 57.177937 
57.450001 57.650002 1 0.5 57.650002 57.227936 
57.5 57.700001 1 0.5 57.700001 57.277935 
57.549999 57.75 1 0.5 57.75 57.327934 
57.599998 57.799999 1 0.5 57.799999 57.377937 
57.650002 57.849998 1 0.5 57.849998 57.427937 
57.700001 57.900002 1 0.5 57.900002 57.477936 
57.75 57.950001 1 0.5 57.950001 57.527935 
57.799999 58 1 0.5 58 57.577934 
57.849998 58.049999 1 0.5 58.049999 57.627937 
57.900002 58.099998 1 0.5 58.099998 57.677937 
57.950001 58.150002 1 0.5 58.150002 57.727936 
58 58.200001 1 0.5 58.200001 57.777935 
58.049999 58.25 1 0.5 58.25 57.827934 
58.099998 58.299999 1 0.5 58.299999 57.877937 
58.150002 58.349998 1 0.5 58.349998 57.927937 
58.200001 58.400002 1 0.5 58.400002 57.977936 
58.25 58.450001 1 0.5 58.450001 58.027935 
58.299999 58.5 1 0.5 58.5 58.077934 
58.349998 58.549999 1 0.5 58.549999 58.127937 
58.400002 58.599998 1 0.5 58.599998 58.177937 
58.450001 58.650002 1 0.5 58.650002 58.227936 
58.5 58.700001 1 0.5 58.700001 58.277935 
58.549999 58.75 1 0.5 58.75 58.327934 
58.599998 58.799999 1 0.5 58.799999 58.377937 
58.650002 58.849998 1 0.5 58.849998 58.427937 
58.700001 58.900002 1 0.5 58.900002 58.477936 
58.75 58.950001 1 0.5 58.950001 58.527935 
58.799999 59 1 0.5 59 58.577934 
58.849998 59.049999 1 0.5 59.049999 58.627937 
58.900002 59.099998 1 0.5 59.099998 58.677937 
58.950001 59.150002 1 0.5 59.150002 58.727936 
59 59.200001 1 0.5 59.200001 58.777935 
59.049999 59.25 1 0.5 59.25 58.827934 
59.099998 59.299999 1 0.5 59.299999 58.877937 
59.150002 59.349998 1 0.5 59.349998 58.927937 
59.200001 59.400002 1 0.5 59.400002 58.977936 
59.25 59.450001 1 0.5 59.450001 59.027935 
59.299999 59.5 1 0.5 59.5 59.077934 
59.349998 59.549999 1 0.5 59.549999 59.127937 
59.400002 59.599998 1 0.5 59.599998 59.177937 
59.450001 59.650002 1 0.5 59.650002 59.227936 
59.5 59.700001 1 0.5 59.700001 59.277935 
59.549999 59.75 1 0.5 59.75 59.327934 
59.599998 59.799999 1 0.5 59.799999 59.377937 
59.650002 59.849998 1 0.5 59.849998 59.427937 
59.700001 59.900002 1 0.5 59.900002 59.477936 
59.75 59.950001 1 0.5 59.950001 59.527935 
59.799999 60 1 0.5 60 59.577934 
59.849998 60.049999 1 0.5 60.049999 59.627937 
59.900002 60.099998 1 0.5 60.099998 59.677937 
59.950001 60.150002 1 0.5 60.150002 59.727936 
60 60.200001 1 0.5 60.200001 59.777935 
60.049999 60.25 1 0.5 60.25 59.827934 
60.099998 60.299999 1 0.5 60.299999 59.877937 
60.150002 60.349998 1 0.5 60.349998 59.927937 
60.200001 60.400002 1 0.5 60.400002 59.977936 
60.25 60.450001 1 0.5 60.450001 60.027935 
60.299999 60.5 1 0.5 60.5 60.077934 
60.349998 60.549999 1 0.5 60.549999 60.127937 
60.400002 60.599998 1 0.5 60.599998 60.177937 
60.450001 60.650002 1 0.5 60.650002 60.227936 
60.5 60.700001 1 0.5 60.700001 60.277935 
60.549999 60.75 1 0.5 60.75 60.327934 
60.599998 60.799999 1 0.5 60.799999 60.377937 
60.650002 60.849998 1 0.5 60.849998 60.427937 
60.700001 60.900002 1 0.5 60.900002 60.477936 
60.75 60.950001 1 0.5 60.950001 60.527935 
60.799999 61 1 0.5 61 60.577934 
60.849998 61.049999 1 0.5 61.049999 60.627937 
60.900002 61.099998 1 0.5 61.099998 60.677937 
60.950001 61.150002 1 0.5 61.150002 60.727936 
61 61.200001 1 0.5 61.200001 60.777935 
61.049999 61.25 1 0.5 61.25 60.827934 
61.099998 61.299999 1 0.5 61.299999 60.877937 
61.150002 61.349998 1 0.5 61.349998 60.927937 
61.200001 61.400002 1 0.5 61.400002 60.977936 
61.25 61.450001 1 0.5 61.450001 61.027935 
61.299999 61.5 1 0.5 61.5 61.077934 
61.349998 61.549999 1 0.5 61.549999 61.127937 
61.400002 61.599998 1 0.5 61.599998 61.177937 
61.450001 61.650002 1 0.5 61.650002 61.227936 
61.5 61.700001 1 0.5 61.700001 61.277935 
61.549999 61.75 1 0.5 61.75 61.327934 
61.599998 61.799999 1 0.5 61.799999 61.377937 
61.650002 61.849998 1 0.5 61.849998 61.427937 
61.700001 61.900002 1 0.5 61.900002 61.477936 
61.75 61.950001 1 0.5 61.950001 61.527935 
61.799999 62 1 0.5 62 61.577934 
61.849998 62.049999 1 0.5 62.049999 61.627937 
61.900002 62.099998 1 0.5 62.099998 61.677937 
61.950001 62.150002 1 0.5 62.150002 61.727936 
62 62.200001 1 0.5 62.200001 61.777935 
62.049999 62.25 1 0.5 62.25 61.827934 
62.099998 62.299999 1 0.5 62.299999 61.877937 
62.150002 62.349998 1 0.5 62.349998 61.927937 
62.200001 62.400002 1 0.5 62.400002 61.977936 
62.25 62.450001 1 0.5 62.450001 62.027935 
62.299999 62.5 1 0.5 62.5 62.077934 
62.349998 62.549999 1 0.5 62.549999 62.127937 
62.400002 62.599998 1 0.5 62.599998 62.177937 
62.450001 62.650002 1 0.5 62.650002 62.227936 
62.5 62.700001 1 0.5 62.700001 62.277935 
62.549999 62.75 1 0.5 62.75 62.327934 
62.599998 62.799999 1 0.5 62.799999 62.377937 
62.650002 62.849998 1 0.5 62.849998 62.427937 
62.700001 62.900002 1 0.5 62.900002 62.477936 
62.75 62.950001 1 0.5 62.950001 62.527935 
62.799999 63 1 0.5 63 62.577934 
62.849998 63.049999 1 0.5 63.049999 62.627937 
62.900002 63.099998 1 0.5 63.099998 62.677937 
62.950001 63.150002 1 0.5 63.150002 62.727936 
63 63.200001 1 0.5 63.200001 62.777935 
63.049999 63.25 1 0.5 63.25 62.827934 
63.099998 63.299999 1 0.5 63.299999 62.877937 
63.150002 63.349998 1 0.5 63.349998 62.927937 
63.200001 63.400002 1 0.5 63.400002 62.977936 
63.25 63.450001 1 0.5 63.450001 63.027935 
63.299999 63.5 1 0.5 63.5 63.077934 
63.349998 63.549999 1 0.5 63.549999 63.127937 
63.400002 63.599998 1 0.5 63.599998 63.177937 
63.450001 63.650002 1 0.5 63.650002 63.227936 
63.5 63.700001 1 0.5 63.700001 63.277935 
63.549999 63.75 1 0.5 63.75 63.327934 
63.599998 63.799999 1 0.5 63.799999 63.377937 
63.650002 63.849998 1 0.5 63.849998 63.427937 
63.700001 63.900002 1 0.5 63.900002 63.477936 
63.75 63.950001 1 0.5 63.950001 63.527935 
63.799999 64 1 0.5 64 63.577934 
63.849998 64.050003 1 0.5 64.050003 63.627937 
63.900002 64.099998 1 0.5 64.099998 63.677937 
63.950001 64.150002 1 0.5 64.150002 63.727936 
64 64.199997 1 0.5 64.199997 63.777935 
64.050003 64.25 1 0.5 64.25 63.827934 
64.099998 64.300003 1 0.5 64.300003 63.877937 
64.150002 64.349998 1 0.5 64.349998 63.927937 
64.199997 64.400002 1 0.5 64.400002 63.977936 
64.25 64.449997 1 0.5 64.449997 64.027939 
64.300003 64.5 1 0.5 64.5 64.077934 
64.349998 64.550003 1 0.5 64.550003 64.127937 
64.400002 64.599998 1 0.5 64.599998 64.177933 
64.449997 64.650002 1 0.5 64.650002 64.227936 
64.5 64.699997 1 0.5 64.699997 64.277939 
64.550003 64.75 1 0.5 64.75 64.327934 
64.599998 64.800003 1 0.5 64.800003 64.377937 
64.650002 64.849998 1 0.5 64.849998 64.427933 
64.699997 64.900002 1 0.5 64.900002 64.477936 
64.75 64.949997 1 0.5 64.949997 64.527939 
64.800003 65 1 0.5 65 64.577934 
64.849998 65.050003 1 0.5 65.050003 64.627937 
64.900002 65.099998 1 0.5 65.099998 64.677933 
64.949997 65.150002 1 0.5 65.150002 64.727936 
65 65.199997 1 0.5 65.199997 64.777939 
65.050003 65.25 1 0.5 65.25 64.827934 
65.099998 65.300003 1 0.5 65.300003 64.877937 
65.150002 65.349998 1 0.5 65.349998 64.927933 
65.199997 65.400002 1 0.5 65.400002 64.977936 
65.25 65.449997 1 0.5 65.449997 65.027939 
65.300003 65.5 1 0.5 65.5 65.077934 
65.349998 65.550003 1 0.5 65.550003 65.127937 
65.400002 65.599998 1 0.5 65.599998 65.177933 
65.449997 65.650002 1 0.5 65.650002 65.227936 
65.5 65.699997 1 0.5 65.699997 65.277939 
65.550003 65.75 1 0.5 65.75 65.327934 
65.599998 65.800003 1 0.5 65.800003 65.377937 
65.650002 65.849998 1 0.5 65.849998 65.427933 
65.699997 65.900002 1 0.5 65.900002 65.477936 
65.75 65.949997 1 0.5 65.949997 65.527939 
65.800003 66 1 0.5 66 65.577934 
65.849998 66.050003 1 0.5 66.050003 65.627937 
65.900002 66.099998 1 0.5 66.099998 65.677933 
65.949997 66.150002 1 0.5 66.150002 65.727936 
66 66.199997 1 0.5 66.199997 65.777939 
66.050003 66.25 1 0.5 66.25 65.827934 
66.099998 66.300003 1 0.5 66.300003 65.877937 
66.150002 66.349998 1 0.5 66.349998 65.927933 
66.199997 66.400002 1 0.5 66.400002 65.977936 
66.25 66.449997 1 0.5 66.449997 66.027939 
66.300003 66.5 1 0.5 66.5 66.077934 
66.349998 66.550003 1 0.5 66.550003 66.127937 
66.400002 66.599998 1 0.5 66.599998 66.177933 
66.449997 66.650002 1 0.5 66.650002 66.227936 
66.5 66.699997 1 0.5 66.699997 66.277939 
66.550003 66.75 1 0.5 66.75 66.327934 
66.599998 66.800003 1 0.5 66.800003 66.377937 
66.650002 66.849998 1 0.5 66.849998 66.427933 
66.699997 66.900002 1 0.5 66.900002 66.477936 
66.75 66.949997 1 0.5 66.949997 66.527939 
66.800003 67 1 0.5 67 66.577934 
66.849998 67.050003 1 0.5 67.050003 66.627937 
66.900002 67.099998 1 0.5 67.099998 66.677933 
66.949997 67.150002 1 0.5 67.150002 66.727936 
67 67.199997 1 0.5 67.199997 66.777939 
67.050003 67.25 1 0.5 67.25 66.827934 
67.099998 67.300003 1 0.5 67.300003 66.877937 
67.150002 67.349998 1 0.5 67.349998 66.927933 
67.199997 67.400002 1 0.5 67.400002 66.977936 
67.25 67.449997 1 0.5 67.449997 67.027939 
67.300003 67.5 1 0.5 67.5 67.077934 
67.349998 67.550003 1 0.5 67.550003 67.127937 
67.400002 67.599998 1 0.5 67.599998 67.177933 
67.449997 67.650002 1 0.5 67.650002 67.227936 
67.5 67.699997 1 0.5 67.699997 67.277939 
67.550003 67.75 1 0.5 67.75 67.327934 
67.599998 67.800003 1 0.5 67.800003 67.377937 
67.650002 67.849998 1 0.5 67.849998 67.427933 
67.699997 67.900002 1 0.5 67.900002 67.477936 
67.75 67.949997 1 0.5 67.949997 67.527939 
67.800003 68 1 0.5 68 67.577934 
67.849998 68.050003 1 0.5 68.050003 67.627937 
67.900002 68.099998 1 0.5 68.099998 67.677933 
67.949997 68.150002 1 0.5 68.150002 67.727936 
68 68.199997 1 0.5 68.199997 67.777939 
68.050003 68.25 1 0.5 68.25 67.827934 
68.099998 68.300003 1 0.5 68.300003 67.877937 
68.150002 68.349998 1 0.5 68.349998 67.927933 
68.199997 68.400002 1 0.5 68.400002 67.977936 
68.25 68.449997 1 0.5 68.449997 68.027939 
68.300003 68.5 1 0.5 68.5 68.077934 
68.349998 68.550003 1 0.5 68.550003 68.127937 
68.400002 68.599998 1 0.5 68.599998 68.177933 
68.449997 68.650002 1 0.5 68.650002 68.227936 
68.5 68.699997 1 0.5 68.699997 68.277939 
68.550003 68.75 1 0.5 68.75 68.327934 
68.599998 68.800003 1 0.5 68.800003 68.377937 
68.650002 68.849998 1 0.5 68.849998 68.427933 
68.699997 68.900002 1 0.5 68.900002 68.477936 
68.75 68.949997 1 0.5 68.949997 68.527939 
68.800003 69 1 0.5 69 68.577934 
68.849998 69.050003 1 0.5 69.050003 68.627937 
68.900002 69.099998 1 0.5 69.099998 68.677933 
68.949997 69.150002 1 0.5 69.150002 68.727936 
69 69.199997 1 0.5 69.199997 68.777939 
69.050003 69.25 1 0.5 69.25 68.827934 
69.099998 69.300003 1 0.5 69.300003 68.877937 
69.150002 69.349998 1 0.5 69.349998 68.927933 
69.199997 69.400002 1 0.5 69.400002 68.977936 
69.25 69.449997 1 0.5 69.449997 69.027939 
69.300003 69.5 1 0.5 69.5 69.077934 
69.349998 69.550003 1 0.5 69.550003 69.127937 
69.400002 69.599998 1 0.5 69.599998 69.177933 
69.449997 69.650002 1 0.5 69.650002 69.227936 
69.5 69.699997 1 0.5 69.699997 69.277939 
69.550003 69.75 1 0.5 69.75 69.327934 
69.599998 69.800003 1 0.5 69.800003 69.377937 
69.650002 69.849998 1 0.5 69.849998 69.427933 
69.699997 69.900002 1 0.5 69.900002 69.477936 
69.75 69.949997 1 0.5 69.949997 69.527939 
69.800003 70 1 0.5 70 69.577934 
69.849998 70.050003 1 0.5 70.050003 69.627937 
69.900002 70.099998 1 0.5 70.099998 69.677933 
69.949997 70.150002 1 0.5 70.150002 69.727936 
70 70.199997 1 0.5 70.199997 69.777939 
70.050003 70.25 1 0.5 70.25 69.827934 
70.099998 70.300003 1 0.5 70.300003 69.877937 
70.150002 70.349998 1 0.5 70.349998 69.927933 
70.199997 70.400002 1 0.5 70.400002 69.977936 
70.25 70.449997 1 0.5 70.449997 70.027939 
70.300003 70.5 1 0.5 70.5 70.077934 
70.349998 70.550003 1 0.5 70.550003 70.127937 
70.400002 70.599998 1 0.5 70.599998 70.177933 
70.449997 70.650002 1 0.5 70.650002 70.227936 
70.5 70.699997 1 0.5 70.699997 70.277939 
70.550003 70.75 1 0.5 70.75 70.327934 
70.599998 70.800003 1 0.5 70.800003 70.377937 
70.650002 70.849998 1 0.5 70.849998 70.427933 
70.699997 70.900002 1 0.5 70.900002 70.477936 
70.75 70.949997 1 0.5 70.949997 70.527939 
70.800003 71 1 0.5 71 70.577934 
70.849998 71.050003 1 0.5 71.050003 70.627937 
70.900002 71.099998 1 0.5 71.099998 70.677933 
70.949997 71.150002 1 0.5 71.150002 70.727936 
71 71.199997 1 0.5 71.199997 70.777939 
71.050003 71.25 1 0.5 71.25 70.827934 
71.099998 71.300003 1 0.5 71.300003 70.877937 
71.150002 71.349998 1 0.5 71.349998 70.927933 
71.199997 71.400002 1 0.5 71.400002 70.977936 
71.25 71.449997 1 0.5 71.449997 71.027939 
71.300003 71.5 1 0.5 71.5 71.077934 
71.349998 71.550003 1 0.5 71.550003 71.127937 
71.400002 71.599998 1 0.5 71.599998 71.177933 
71.449997 71.650002 1 0.5 71.650002 71.227936 
71.5 71.699997 1 0.5 71.699997 71.277939 
71.550003 71.75 1 0.5 71.75 71.327934 
71.599998 71.800003 1 0.5 71.800003 71.377937 
71.650002 71.849998 1 0.5 71.849998 71.427933 
71.699997 71.900002 1 0.5 71.900002 71.477936 
71.75 71.949997 1 0.5 71.949997 71.527939 
71.800003 72 1 0.5 72 71.577934 
71.849998 72.050003 1 0.5 72.050003 71.627937 
71.900002 72.099998 1 0.5 72.099998 71.677933 
71.949997 72.150002 1 0.5 72.150002 71.727936 
72 72.199997 1 0.5 72.199997 71.777939 
72.050003 72.25 1 0.5 72.25 71.827934 
72.099998 72.300003 1 0.5 72.300003 71.877937 
72.150002 72.349998 1 0.5 72.349998 71.927933 
72.199997 72.400002 1 0.5 72.400002 71.977936 
72.25 72.449997 1 0.5 72.449997 72.027939 
72.300003 72.5 1 0.5 72.5 72.077934 
72.349998 72.550003 1 0.5 72.550003 72.127937 
72.400002 72.599998 1 0.5 72.599998 72.177933 
72.449997 72.650002 1 0.5 72.650002 72.227936 
72.5 72.699997 1 0.5 72.699997 72.277939 
72.550003 72.75 1 0.5 72.75 72.327934 
72.599998 72.800003 1 0.5 72.800003 72.377937 
72.650002 72.849998 1 0.5 72.849998 72.427933 
72.699997 72.900002 1 0.5 72.900002 72.477936 
72.75 72.949997 1 0.5 72.949997 72.527939 
72.800003 73 1 0.5 73 72.577934 
72.849998 73.050003 1 0.5 73.050003 72.627937 
72.900002 73.099998 1 0.5 73.099998 72.677933 
72.949997 73.150002 1 0.5 73.150002 72.727936 
73 73.199997 1 0.5 73.199997 72.777939 
73.050003 73.25 1 0.5 73.25 72.827934 
73.099998 73.300003 1 0.5 73.300003 72.877937 
73.150002 73.349998 1 0.5 73.349998 72.927933 
73.199997 73.400002 1 0.5 73.400002 72.977936 
73.25 73.449997 1 0.5 73.449997 73.027939 
73.300003 73.5 1 0.5 73.5 73.077934 
73.349998 73.550003 1 0.5 73.550003 73.127937 
73.400002 73.599998 1 0.5 73.599998 73.177933 
73.449997 73.650002 1 0.5 73.650002 73.227936 
73.5 73.699997 1 0.5 73.699997 73.277939 
73.550003 73.75 1 0.5 73.75 73.327934 
73.599998 73.800003 1 0.5 73.800003 73.377937 
73.650002 73.849998 1 0.5 73.849998 73.427933 
73.699997 73.900002 1 0.5 73.900002 73.477936 
73.75 73.949997 1 0.5 73.949997 73.527939 
73.800003 74 1 0.5 74 73.577934 
73.849998 74.050003 1 0.5 74.050003 73.627937 
73.900002 74.099998 1 0.5 74.099998 73.677933 
73.949997 74.150002 1 0.5 74.150002 73.727936 
74 74.199997 1 0.5 74.199997 73.777939 
74.050003 74.25 1 0.5 74.25 73.827934 
74.099998 74.300003 1 0.5 74.300003 73.877937 
74.150002 74.349998 1 0.5 74.349998 73.927933 
74.199997 74.400002 1 0.5 74.400002 73.977936 
74.25 74.449997 1 0.5 74.449997 74.027939 
74.300003 74.5 1 0.5 74.5 74.077934 
74.349998 74.550003 1 0.5 74.550003 74.127937 
74.400002 74.599998 1 0.5 74.599998 74.177933 
74.449997 74.650002 1 0.5 74.650002 74.227936 
74.5 74.699997 1 0.5 74.699997 74.277939 
74.550003 74.75 1 0.5 74.75 74.327934 
74.599998 74.800003 1 0.5 74.800003 74.377937 
74.650002 74.849998 1 0.5 74.849998 74.427933 
74.699997 74.900002 1 0.5 74.900002 74.477936 
74.75 74.949997 1 0.5 74.949997 74.527939 
74.800003 75 1 0.5 75 74.577934 
74.849998 75.050003 1 0.5 75.050003 74.627937 
74.900002 75.099998 1 0.5 75.099998 74.677933 
74.949997 75.150002 1 0.5 75.150002 74.727936 
75 75.199997 1 0.5 75.199997 74.777939 
75.050003 75.25 1 0.5 75.25 74.827934 
75.099998 75.300003 1 0.5 75.300003 74.877937 
75.150002 75.349998 1 0.5 75.349998 74.927933 
75.199997 75.400002 1 0.5 75.400002 74.977936 
75.25 75.449997 1 0.5 75.449997 75.027939 
75.300003 75.5 1 0.5 75.5 75.077934 
75.349998 75.550003 1 0.5 75.550003 75.127937 
75.400002 75.599998 1 0.5 75.599998 75.177933 
75.449997 75.650002 1 0.5 75.650002 75.227936 
75.5 75.699997 1 0.5 75.699997 75.277939 
75.550003 75.75 1 0.5 75.75 75.327934 
75.599998 75.800003 1 0.5 75.800003 75.377937 
75.650002 75.849998 1 0.5 75.849998 75.427933 
75.699997 75.900002 1 0.5 75.900002 75.477936 
75.75 75.949997 1 0.5 75.949997 75.527939 
75.800003 76 1 0.5 76 75.577934 
75.849998 76.050003 1 0.5 76.050003 75.627937 
75.900002 76.099998 1 0.5 76.099998 75.677933 
75.949997 76.150002 1 0.5 76.150002 75.727936 
76 76.199997 1 0.5 76.199997 75.777939 
76.050003 76.25 1 0.5 76.25 75.827934 
76.099998 76.300003 1 0.5 76.300003 75.877937 
76.150002 76.349998 1 0.5 76.349998 75.927933 
76.199997 76.400002 1 0.5 76.400002 75.977936 
76.25 76.449997 1 0.5 76.449997 76.027939 
76.300003 76.5 1 0.5 76.5 76.077934 
76.349998 76.550003 1 0.5 76.550003 76.127937 
76.400002 76.599998 1 0.5 76.599998 76.177933 
76.449997 76.650002 1 0.5 76.650002 76.227936 
76.5 76.699997 1 0.5 76.699997 76.277939 
76.550003 76.75 1 0.5 76.75 76.327934 
76.599998 76.800003 1 0.5 76.800003 76.377937 
76.650002 76.849998 1 0.5 76.849998 76.427933 
76.699997 76.900002 1 0.5 76.900002 76.477936 
76.75 76.949997 1 0.5 76.949997 76.527939 
76.800003 77 1 0.5 77 76.577934 
76.849998 77.050003 1 0.5 77.050003 76.627937 
76.900002 77.099998 1 0.5 77.099998 76.677933 
76.949997 77.150002 1 0.5 77.150002 76.727936 
77 77.199997 1 0.5 77.199997 76.777939 
77.050003 77.25 1 0.5 77.25 76.827934 
77.099998 77.300003 1 0.5 77.300003 76.877937 
77.150002 77.349998 1 0.5 77.349998 76.927933 
77.199997 77.400002 1 0.5 77.400002 76.977936 
77.25 77.449997 1 0.5 77.449997 77.027939 
77.300003 77.5 1 0.5 77.5 77.077934 
77.349998 77.550003 1 0.5 77.550003 77.127937 
77.400002 77.599998 1 0.5 77.599998 77.177933 
77.449997 77.650002 1 0.5 77.650002 77.227936 
77.5 77.699997 1 0.5 77.699997 77.277939 
77.550003 77.75 1 0.5 77.75 77.327934 
77.599998 77.800003 1 0.5 77.800003 77.377937 
77.650002 77.849998 1 0.5 77.849998 77.427933 
77.699997 77.900002 1 0.5 77.900002 77.477936 
77.75 77.949997 1 0.5 77.949997 77.527939 
77.800003 78 1 0.5 78 77.577934 
77.849998 78.050003 1 0.5 78.050003 77.627937 
77.900002 78.099998 1 0.5 78.099998 77.677933 
77.949997 78.150002 1 0.5 78.150002 77.727936 
78 78.199997 1 0.5 78.199997 77.777939 
78.050003 78.25 1 0.5 78.25 77.827934 
78.099998 78.300003 1 0.5 78.300003 77.877937 
78.150002 78.349998 1 0.5 78.349998 77.927933 
78.199997 78.400002 1 0.5 78.400002 77.977936 
78.25 78.449997 1 0.5 78.449997 78.027939 
78.300003 78.5 1 0.5 78.5 78.077934 
78.349998 78.550003 1 0.5 78.550003 78.127937 
78.400002 78.599998 1 0.5 78.599998 78.177933 
78.449997 78.650002 1 0.5 78.650002 78.227936 
78.5 78.699997 1 0.5 78.699997 78.277939 
78.550003 78.75 1 0.5 78.75 78.327934 
78.599998 78.800003 1 0.5 78.800003 78.377937 
78.650002 78.849998 1 0.5 78.849998 78.427933 
78.699997 78.900002 1 0.5 78.900002 78.477936 
78.75 78.949997 1 0.5 78.949997 78.527939 
78.800003 79 1 0.5 79 78.577934 
78.849998 79.050003 1 0.5 79.050003 78.627937 
78.900002 79.099998 1 0.5 79.099998 78.677933 
78.949997 79.150002 1 0.5 79.150002 78.727936 
79 79.199997 1 0.5 79.199997 78.777939 
79.050003 79.25 1 0.5 79.25 78.827934 
79.099998 79.300003 1 0.5 79.300003 78.877937 
79.150002 79.349998 1 0.5 79.349998 78.927933 
79.199997 79.400002 1 0.5 79.400002 78.977936 
79.25 79.449997 1 0.5 79.449997 79.027939 
79.300003 79.5 1 0.5 79.5 79.077934 
79.349998 79.550003 1 0.5 79.550003 79.127937 
79.400002 79.599998 1 0.5 79.599998 79.177933 
79.449997 79.650002 1 0.5 79.650002 79.227936 
79.5 79.699997 1 0.5 79.699997 79.277939 
79.550003 79.75 1 0.5 79.75 79.327934 
79.599998 79.800003 1 0.5 79.800003 79.377937 
79.650002 79.849998 1 0.5 79.849998 79.427933 
79.699997 79.900002 1 0.5 79.900002 79.477936 
79.75 79.949997 1 0.5 79.949997 79.527939 
79.800003 80 1 0.5 80 79.577934 
79.849998 80.050003 1 0.5 80.050003 79.627937 
79.900002 80.099998 1 0.5 80.099998 79.677933 
79.949997 80.150002 1 0.5 80.150002 79.727936 
80 80.199997 1 0.5 80.199997 79.777939 
80.050003 80.25 1 0.5 80.25 79.827934 
80.099998 80.300003 1 0.5 80.300003 79.877937 
80.150002 80.349998 1 0.5 80.349998 79.927933 
80.199997 80.400002 1 0.5 80.400002 79.977936 
80.25 80.449997 1 0.5 80.449997 80.027939 
80.300003 80.5 1 0.5 80.5 80.077934 
80.349998 80.550003 1 0.5 80.550003 80.127937 
80.400002 80.599998 1 0.5 80.599998 80.177933 
80.449997 80.650002 1 0.5 80.650002 80.227936 
80.5 80.699997 1 0.5 80.699997 80.277939 
80.550003 80.75 1 0.5 80.75 80.327934 
80.599998 80.800003 1 0.5 80.800003 80.377937 
80.650002 80.849998 1 0.5 80.849998 80.427933 
80.699997 80.900002 1 0.5 80.900002 80.477936 
80.75 80.949997 1 0.5 80.949997 80.527939 
80.800003 81 1 0.5 81 80.577934 
80.849998 81.050003 1 0.5 81.050003 80.627937 
80.900002 81.099998 1 0.5 81.099998 80.677933 
80.949997 81.150002 1 0.5 81.150002 80.727936 
81 81.199997 1 0.5 81.199997 80.777939 
81.050003 81.25 1 0.5 81.25 80.827934 
81.099998 81.300003 1 0.5 81.300003 80.877937 
81.150002 81.349998 1 0.5 81.349998 80.927933 
81.199997 81.400002 1 0.5 81.400002 80.977936 
81.25 81.449997 1 0.5 81.449997 81.027939 
81.300003 81.5 1 0.5 81.5 81.077934 
81.349998 81.550003 1 0.5 81.550003 81.127937 
81.400002 81.599998 1 0.5 81.599998 81.177933 
81.449997 81.650002 1 0.5 81.650002 81.227936 
81.5 81.699997 1 0.5 81.699997 81.277939 
81.550003 81.75 1 0.5 81.75 81.327934 
81.599998 81.800003 1 0.5 81.800003 81.377937 
81.650002 81.849998 1 0.5 81.849998 81.427933 
81.699997 81.900002 1 0.5 81.900002 81.477936 
81.75 81.949997 1 0.5 81.949997 81.527939 
81.800003 82 1 0.5 82 81.577934 
81.849998 82.050003 1 0.5 82.050003 81.627937 
81.900002 82.099998 1 0.5 82.099998 81.677933 
81.949997 82.150002 1 0.5 82.150002 81.727936 
82 82.199997 1 0.5 82.199997 81.777939 
82.050003 82.25 1 0.5 82.25 81.827934 
82.099998 82.300003 1 0.5 82.300003 81.877937 
82.150002 82.349998 1 0.5 82.349998 81.927933 
82.199997 82.400002 1 0.5 82.400002 81.977936 
82.25 82.449997 1 0.5 82.449997 82.027939 
82.300003 82.5 1 0.5 82.5 82.077934 
82.349998 82.550003 1 0.5 82.550003 82.127937 
82.400002 82.599998 1 0.5 82.599998 82.177933 
82.449997 82.650002 1 0.5 82.650002 82.227936 
82.5 82.699997 1 0.5 82.699997 82.277939 
82.550003 82.75 1 0.5 82.75 82.327934 
82.599998 82.800003 1 0.5 82.800003 82.377937 
82.650002 82.849998 1 0.5 82.849998 82.427933 
82.699997 82.900002 1 0.5 82.900002 82.477936 
82.75 82.949997 1 0.5 82.949997 82.527939 
82.800003 83 1 0.5 83 82.577934 
82.849998 83.050003 1 0.5 83.050003 82.627937 
82.900002 83.099998 1 0.5 83.099998 82.677933 
82.949997 83.150002 1 0.5 83.150002 82.727936 
83 83.199997 1 0.5 83.199997 82.777939 
83.050003 83.25 1 0.5 83.25 82.827934 
83.099998 83.300003 1 0.5 83.300003 82.877937 
83.150002 83.349998 1 0.5 83.349998 82.927933 
83.199997 83.400002 1 0.5 83.400002 82.977936 
83.25 83.449997 1 0.5 83.449997 83.027939 
83.300003 83.5 1 0.5 83.5 83.077934 
83.349998 83.550003 1 0.5 83.550003 83.127937 
83.400002 83.599998 1 0.5 83.599998 83.177933 
83.449997 83.650002 1 0.5 83.650002 83.227936 
83.5 83.699997 1 0.5 83.699997 83.277939 
83.550003 83.75 1 0.5 83.75 83.327934 
83.599998 83.800003 1 0.5 83.800003 83.377937 
83.650002 83.849998 1 0.5 83.849998 83.427933 
83.699997 83.900002 1 0.5 83.900002 83.477936 
83.75 83.949997 1 0.5 83.949997 83.527939 
83.800003 84 1 0.5 84 83.577934 
83.849998 84.050003 1 0.5 84.050003 83.627937 
83.900002 84.099998 1 0.5 84.099998 83.677933 
83.949997 84.150002 1 0.5 84.150002 83.727936 
84 84.199997 1 0.5 84.199997 83.777939 
84.050003 84.25 1 0.5 84.25 83.827934 
84.099998 84.300003 1 0.5 84.300003 83.877937 
84.150002 84.349998 1 0.5 84.349998 83.927933 
84.199997 84.400002 1 0.5 84.400002 83.977936 
84.25 84.449997 1 0.5 84.449997 84.027939 
84.300003 84.5 1 0.5 84.5 84.077934 
84.349998 84.550003 1 0.5 84.550003 84.127937 
84.400002 84.599998 1 0.5 84.599998 84.177933 
84.449997 84.650002 1 0.5 84.650002 84.227936 
84.5 84.699997 1 0.5 84.699997 84.277939 
84.550003 84.75 1 0.5 84.75 84.327934 
84.599998 84.800003 1 0.5 84.800003 84.377937 
84.650002 84.849998 1 0.5 84.849998 84.427933 
84.699997 84.900002 1 0.5 84.900002 84.477936 
84.75 84.949997 1 0.5 84.949997 84.527939 
84.800003 85 1 0.5 85 84.577934 
84.849998 85.050003 1 0.5 85.050003 84.627937 
84.900002 85.099998 1 0.5 85.099998 84.677933 
84.949997 85.150002 1 0.5 85.150002 84.727936 
85 85.199997 1 0.5 85.199997 84.777939 
85.050003 85.25 1 0.5 85.25 84.827934 
85.099998 85.300003 1 0.5 85.300003 84.877937 
85.150002 85.349998 1 0.5 85.349998 84.927933 
85.199997 85.400002 1 0.5 85.400002 84.977936 
85.25 85.449997 1 0.5 85.449997 85.027939 
85.300003 85.5 1 0.5 85.5 85.077934 
85.349998 85.550003 1 0.5 85.550003 85.127937 
85.400002 85.599998 1 0.5 85.599998 85.177933 
85.449997 85.650002 1 0.5 85.650002 85.227936 
85.5 85.699997 1 0.5 85.699997 85.277939 
85.550003 85.75 1 0.5 85.75 85.327934 
85.599998 85.800003 1 0.5 85.800003 85.377937 
85.650002 85.849998 1 0.5 85.849998 85.427933 
85.699997 85.900002 1 0.5 85.900002 85.477936 
85.75 85.949997 1 0.5 85.949997 85.527939 
85.800003 86 1 0.5 86 85.577934 
85.849998 86.050003 1 0.5 86.050003 85.627937 
85.900002 86.099998 1 0.5 86.099998 85.677933 
85.949997 86.150002 1 0.5 86.150002 85.727936 
86 86.199997 1 0.5 86.199997 85.777939 
86.050003 86.25 1 0.5 86.25 85.827934 
86.099998 86.300003 1 0.5 86.300003 85.877937 
86.150002 86.349998 1 0.5 86.349998 85.927933 
86.199997 86.400002 1 0.5 86.400002 85.977936 
86.25 86.449997 1 0.5 86.449997 86.027939 
86.300003 86.5 1 0.5 86.5 86.077934 
86.349998 86.550003 1 0.5 86.550003 86.127937 
86.400002 86.599998 1 0.5 86.599998 86.177933 
86.449997 86.650002 1 0.5 86.650002 86.227936 
86.5 86.699997 1 0.5 86.699997 86.277939 
86.550003 86.75 1 0.5 86.75 86.327934 
86.599998 86.800003 1 0.5 86.800003 86.377937 
86.650002 86.849998 1 0.5 86.849998 86.427933 
86.699997 86.900002 1 0.5 86.900002 86.477936 
86.75 86.949997 1 0.5 86.949997 86.527939 
86.800003 87 1 0.5 87 86.577934 
86.849998 87.050003 1 0.5 87.050003 86.627937 
86.900002 87.099998 1 0.5 87.099998 86.677933 
86.949997 87.150002 1 0.5 87.150002 86.727936 
87 87.199997 1 0.5 87.199997 86.777939 
87.050003 87.25 1 0.5 87.25 86.827934 
87.099998 87.300003 1 0.5 87.300003 86.877937 
87.150002 87.349998 1 0.5 87.349998 86.927933 
87.199997 87.400002 1 0.5 87.400002 86.977936 
87.25 87.449997 1 0.5 87.449997 87.027939 
87.300003 87.5 1 0.5 87.5 87.077934 
87.349998 87.550003 1 0.5 87.550003 87.127937 
87.400002 87.599998 1 0.5 87.599998 87.177933 
87.449997 87.650002 1 0.5 87.650002 87.227936 
87.5 87.699997 1 0.5 87.699997 87.277939 
87.550003 87.75 1 0.5 87.75 87.327934 
87.599998 87.800003 1 0.5 87.800003 87.377937 
87.650002 87.849998 1 0.5 87.849998 87.427933 
87.699997 87.900002 1 0.5 87.900002 87.477936 
87.75 87.949997 1 0.5 87.949997 87.527939 
87.800003 88 1 0.5 88 87.577934 
87.849998 88.050003 1 0.5 88.050003 87.627937 
87.900002 88.099998 1 0.5 88.099998 87.677933 
87.949997 88.150002 1 0.5 88.150002 87.727936 
88 88.199997 1 0.5 88.199997 87.777939 
88.050003 88.25 1 0.5 88.25 87.827934 
88.099998 88.300003 1 0.5 88.300003 87.877937 
88.150002 88.349998 1 0.5 88.349998 87.927933 
88.199997 88.400002 1 0.5 88.400002 87.977936 
88.25 88.449997 1 0.5 88.449997 88.027939 
88.300003 88.5 1 0.5 88.5 88.077934 
88.349998 88.550003 1 0.5 88.550003 88.127937 
88.400002 88.599998 1 0.5 88.599998 88.177933 
88.449997 88.650002 1 0.5 88.650002 88.227936 
88.5 88.699997 1 0.5 88.699997 88.277939 
88.550003 88.75 1 0.5 88.75 88.327934 
88.599998 88.800003 1 0.5 88.800003 88.377937 
88.650002 88.849998 1 0.5 88.849998 88.427933 
88.699997 88.900002 1 0.5 88.900002 88.477936 
88.75 88.949997 1 0.5 88.949997 88.527939 
88.800003 89 1 0.5 89 88.577934 
88.849998 89.050003 1 0.5 89.050003 88.627937 
88.900002 89.099998 1 0.5 89.099998 88.677933 
88.949997 89.150002 1 0.5 89.150002 88.727936 
89 89.199997 1 0.5 89.199997 88.777939 
89.050003 89.25 1 0.5 89.25 88.827934 
89.099998 89.300003 1 0.5 89.300003 88.877937 
89.150002 89.349998 1 0.5 89.349998 88.927933 
89.199997 89.400002 1 0.5 89.400002 88.977936 
89.25 89.449997 1 0.5 89.449997 89.027939 
89.300003 89.5 1 0.5 89.5 89.077934 
89.349998 89.550003 1 0.5 89.550003 89.127937 
89.400002 89.599998 1 0.5 89.599998 89.177933 
89.449997 89.650002 1 0.5 89.650002 89.227936 
89.5 89.699997 1 0.5 89.699997 89.277939 
89.550003 89.75 1 0.5 89.75 89.327934 
89.599998 89.800003 1 0.5 89.800003 89.377937 
89.650002 89.849998 1 0.5 89.849998 89.427933 
89.699997 89.900002 1 0.5 89.900002 89.477936 
89.75 89.949997 1 0.5 89.949997 89.527939 
89.800003 90 1 0.5 90 89.577934 
89.849998 90.050003 1 0.5 90.050003 89.627937 
89.900002 90.099998 1 0.5 90.099998 89.677933 
89.949997 90.150002 1 0.5 90.150002 89.727936 
90 90.199997 1 0.5 90.199997 89.777939 
90.050003 90.25 1 0.5 90.25 89.827934 
90.099998 90.300003 1 0.5 90.300003 89.877937 
90.150002 90.349998 1 0.5 90.349998 89.927933 
90.199997 90.400002 1 0.5 90.400002 89.977936 
90.25 90.449997 1 0.5 90.449997 90.027939 
90.300003 90.5 1 0.5 90.5 90.077934 
90.349998 90.550003 1 0.5 90.550003 90.127937 
90.400002 90.599998 1 0.5 90.599998 90.177933 
90.449997 90.650002 1 0.5 90.650002 90.227936 
90.5 90.699997 1 0.5 90.699997 90.277939 
90.550003 90.75 1 0.5 90.75 90.327934 
90.599998 90.800003 1 0.5 90.800003 90.377937 
90.650002 90.849998 1 0.5 90.849998 90.427933 
90.699997 90.900002 1 0.5 90.900002 90.477936 
90.75 90.949997 1 0.5 90.949997 90.527939 
90.800003 91 1 0.5 91 90.577934 
90.849998 91.050003 1 0.5 91.050003 90.627937 
90.900002 91.099998 1 0.5 91.099998 90.677933 
90.949997 91.150002 1 0.5 91.150002 90.727936 
91 91.199997 1 0.5 91.199997 90.777939 
91.050003 91.25 1 0.5 91.25 90.827934 
91.099998 91.300003 1 0.5 91.300003 90.877937 
91.150002 91.349998 1 0.5 91.349998 90.927933 
91.199997 91.400002 1 0.5 91.400002 90.977936 
91.25 91.449997 1 0.5 91.449997 91.027939 
91.300003 91.5 1 0.5 91.5 91.077934 
91.349998 91.550003 1 0.5 91.550003 91.127937 
91.400002 91.599998 1 0.5 91.599998 91.177933 
91.449997 91.650002 1 0.5 91.650002 91.227936 
91.5 91.699997 1 0.5 91.699997 91.277939 
91.550003 91.75 1 0.5 91.75 91.327934 
91.599998 91.800003 1 0.5 91.800003 91.377937 
91.650002 91.849998 1 0.5 91.849998 91.427933 
91.699997 91.900002 1 0.5 91.900002 91.477936 
91.75 91.949997 1 0.5 91.949997 91.527939 
91.800003 92 1 0.5 92 91.577934 
91.849998 92.050003 1 0.5 92.050003 91.627937 
91.900002 92.099998 1 0.5 92.099998 91.677933 
91.949997 92.150002 1 0.5 92.150002 91.727936 
92 92.199997 1 0.5 92.199997 91.777939 
92.050003 92.25 1 0.5 92.25 91.827934 
92.099998 92.300003 1 0.5 92.300003 91.877937 
92.150002 92.349998 1 0.5 92.349998 91.927933 
92.199997 92.400002 1 0.5 92.400002 91.977936 
92.25 92.449997 1 0.5 92.449997 92.027939 
92.300003 92.5 1 0.5 92.5 92.077934 
92.349998 92.550003 1 0.5 92.550003 92.127937 
92.400002 92.599998 1 0.5 92.599998 92.177933 
92.449997 92.650002 1 0.5 92.650002 92.227936 
92.5 92.699997 1 0.5 92.699997 92.277939 
92.550003 92.75 1 0.5 92.75 92.327934 
92.599998 92.800003 1 0.5 92.800003 92.377937 
92.650002 92.849998 1 0.5 92.849998 92.427933 
92.699997 92.900002 1 0.5 92.900002 92.477936 
92.75 92.949997 1 0.5 92.949997 92.527939 
92.800003 93 1 0.5 93 92.577934 
92.849998 93.050003 1 0.5 93.050003 92.627937 
92.900002 93.099998 1 0.5 93.099998 92.677933 
92.949997 93.150002 1 0.5 93.150002 92.727936 
93 93.199997 1 0.5 93.199997 92.777939 
93.050003 93.25 1 0.5 93.25 92.827934 
93.099998 93.300003 1 0.5 93.300003 92.877937 
93.150002 93.349998 1 0.5 93.349998 92.927933 
93.199997 93.400002 1 0.5 93.400002 92.977936 
93.25 93.449997 1 0.5 93.449997 93.027939 
93.300003 93.5 1 0.5 93.5 93.077934 
93.349998 93.550003 1 0.5 93.550003 93.127937 
93.400002 93.599998 1 0.5 93.599998 93.177933 
93.449997 93.650002 1 0.5 93.650002 93.227936 
93.5 93.699997 1 0.5 93.699997 93.277939 
93.550003 93.75 1 0.5 93.75 93.327934 
93.599998 93.800003 1 0.5 93.800003 93.377937 
93.650002 93.849998 1 0.5 93.849998 93.427933 
93.699997 93.900002 1 0.5 93.900002 93.477936 
93.75 93.949997 1 0.5 93.949997 93.527939 
93.800003 94 1 0.5 94 93.577934 
93.849998 94.050003 1 0.5 94.050003 93.627937 
93.900002 94.099998 1 0.5 94.099998 93.677933 
93.949997 94.150002 1 0.5 94.150002 93.727936 
94 94.199997 1 0.5 94.199997 93.777939 
94.050003 94.25 1 0.5 94.25 93.827934 
94.099998 94.300003 1 0.5 94.300003 93.877937 
94.150002 94.349998 1 0.5 94.349998 93.927933 
94.199997 94.400002 1 0.5 94.400002 93.977936 
94.25 94.449997 1 0.5 94.449997 94.027939 
94.300003 94.5 1 0.5 94.5 94.077934 
94.349998 94.550003 1 0.5 94.550003 94.127937 
94.400002 94.599998 1 0.5 94.599998 94.177933 
94.449997 94.650002 1 0.5 94.650002 94.227936 
94.5 94.699997 1 0.5 94.699997 94.277939 
94.550003 94.75 1 0.5 94.75 94.327934 
94.599998 94.800003 1 0.5 94.800003 94.377937 
94.650002 94.849998 1 0.5 94.849998 94.427933 
94.699997 94.900002 1 0.5 94.900002 94.477936 
94.75 94.949997 1 0.5 94.949997 94.527939 
94.800003 95 1 0.5 95 94.577934 
94.849998 95.050003 1 0.5 95.050003 94.627937 
94.900002 95.099998 1 0.5 95.099998 94.677933 
94.949997 95.150002 1 0.5 95.150002 94.727936 
95 95.199997 1 0.5 95.199997 94.777939 
95.050003 95.25 1 0.5 95.25 94.827934 
95.099998 95.300003 1 0.5 95.300003 94.877937 
95.150002 95.349998 1 0.5 95.349998 94.927933 
95.199997 95.400002 1 0.5 95.400002 94.977936 
95.25 95.449997 1 0.5 95.449997 95.027939 
95.300003 95.5 1 0.5 95.5 95.077934 
95.349998 95.550003 1 0.5 95.550003 95.127937 
95.400002 95.599998 1 0.5 95.599998 95.177933 
95.449997 95.650002 1 0.5 95.650002 95.227936 
95.5 95.699997 1 0.5 95.699997 95.277939 
95.550003 95.75 1 0.5 95.75 95.327934 
95.599998 95.800003 1 0.5 95.800003 95.377937 
95.650002 95.849998 1 0.5 95.849998 95.427933 
95.699997 95.900002 1 0.5 95.900002 95.477936 
95.75 95.949997 1 0.5 95.949997 95.527939 
95.800003 96 1 0.5 96 95.577934 
95.849998 96.050003 1 0.5 96.050003 95.627937 
95.900002 96.099998 1 0.5 96.099998 95.677933 
95.949997 96.150002 1 0.5 96.150002 95.727936 
96 96.199997 1 0.5 96.199997 95.777939 
96.050003 96.25 1 0.5 96.25 95.827934 
96.099998 96.300003 1 0.5 96.300003 95.877937 
96.150002 96.349998 1 0.5 96.349998 95.927933 
96.199997 96.400002 1 0.5 96.400002 95.977936 
96.25 96.449997 1 0.5 96.449997 96.027939 
96.300003 96.5 1 0.5 96.5 96.077934 
96.349998 96.550003 1 0.5 96.550003 96.127937 
96.400002 96.599998 1 0.5 96.599998 96.177933 
96.449997 96.650002 1 0.5 96.650002 96.227936 
96.5 96.699997 1 0.5 96.699997 96.277939 
96.550003 96.75 1 0.5 96.75 96.327934 
96.599998 96.800003 1 0.5 96.800003 96.377937 
96.650002 96.849998 1 0.5 96.849998 96.427933 
96.699997 96.900002 1 0.5 96.900002 96.477936 
96.75 96.949997 1 0.5 96.949997 96.527939 
96.800003 97 1 0.5 97 96.577934 
96.849998 97.050003 1 0.5 97.050003 96.627937 
96.900002 97.099998 1 0.5 97.099998 96.677933 
96.949997 97.150002 1 0.5 97.150002 96.727936 
97 97.199997 1 0.5 97.199997 96.777939 
97.050003 97.25 1 0.5 97.25 96.827934 
97.099998 97.300003 1 0.5 97.300003 96.877937 
97.150002 97.349998 1 0.5 97.349998 96.927933 
97.199997 97.400002 1 0.5 97.400002 96.977936 
97.25 97.449997 1 0.5 97.449997 97.027939 
97.300003 97.5 1 0.5 97.5 97.077934 
97.349998 97.550003 1 0.5 97.550003 97.127937 
97.400002 97.599998 1 0.5 97.599998 97.177933 
97.449997 97.650002 1 0.5 97.650002 97.227936 
97.5 97.699997 1 0.5 97.699997 97.277939 
97.550003 97.75 1 0.5 97.75 97.327934 
97.599998 97.800003 1 0.5 97.800003 97.377937 
97.650002 97.849998 1 0.5 97.849998 97.427933 
97.699997 97.900002 1 0.5 97.900002 97.477936 
97.75 97.949997 1 0.5 97.949997 97.527939 
97.800003 98 1 0.5 98 97.577934 
97.849998 98.050003 1 0.5 98.050003 97.627937 
97.900002 98.099998 1 0.5 98.099998 97.677933 
97.949997 98.150002 1 0.5 98.150002 97.727936 
98 98.199997 1 0.5 98.199997 97.777939 
98.050003 98.25 1 0.5 98.25 97.827934 
98.099998 98.300003 1 0.5 98.300003 97.877937 
98.150002 98.349998 1 0.5 98.349998 97.927933 
98.199997 98.400002 1 0.5 98.400002 97.977936 
98.25 98.449997 1 0.5 98.449997 98.027939 
98.300003 98.5 1 0.5 98.5 98.077934 
98.349998 98.550003 1 0.5 98.550003 98.127937 
98.400002 98.599998 1 0.5 98.599998 98.177933 
98.449997 98.650002 1 0.5 98.650002 98.227936 
98.5 98.699997 1 0.5 98.699997 98.277939 
98.550003 98.75 1 0.5 98.75 98.327934 
98.599998 98.800003 1 0.5 98.800003 98.377937 
98.650002 98.849998 1 0.5 98.849998 98.427933 
98.699997 98.900002 1 0.5 98.900002 98.477936 
98.75 98.949997 1 0.5 98.949997 98.527939 
98.800003 99 1 0.5 99 98.577934 
98.849998 99.050003 1 0.5 99.050003 98.627937 
98.900002 99.099998 1 0.5 99.099998 98.677933 
98.949997 99.150002 1 0.5 99.150002 98.727936 
99 99.199997 1 0.5 99.199997 98.777939 
99.050003 99.25 1 0.5 99.25 98.827934 
99.099998 99.300003 1 0.5 99.300003 98.877937 
99.150002 99.349998 1 0.5 99.349998 98.927933 
99.199997 99.400002 1 0.5 99.400002 98.977936 
99.25 99.449997 1 0.5 99.449997 99.027939 
99.300003 99.5 1 0.5 99.5 99.077934 
99.349998 99.550003 1 0.5 99.550003 99.127937 
99.400002 99.599998 1 0.5 99.599998 99.177933 
99.449997 99.650002 1 0.5 99.650002 99.227936 
99.5 99.699997 1 0.5 99.699997 99.277939 
99.550003 99.75 1 0.5 99.75 99.327934 
99.599998 99.800003 1 0.5 99.800003 99.377937 
99.650002 99.849998 1 0.5 99.849998 99.427933 
99.699997 99.900002 1 0.5 99.900002 99.477936 
99.75 99.949997 1 0.5 99.949997 99.527939 
