0 0 0 1 0 
0.050000001 0.035654146 0.0062355725 0.97557694 0.040528681 
0.1 0.069569416 0.013040964 0.9522655 0.080243669 
0.15000001 0.10183062 0.020438911 0.93000442 0.11900314 
0.2 0.13251843 0.028444067 0.9087351 0.15669978 
0.25 0.16170958 0.037062693 0.88840169 0.1932559 
0.30000001 0.18947706 0.046292674 0.8689512 0.22861874 
0.34999999 0.21589029 0.056123782 0.85033309 0.26275599 
0.40000001 0.24101534 0.066538207 0.83249968 0.29565194 
0.44999999 0.26491505 0.077511288 0.81540567 0.32730415 
0.5 0.28764912 0.089012362 0.79900849 0.35772067 
0.55000001 0.30927446 0.10100575 0.78326803 0.38691771 
0.60000002 0.3298451 0.11345175 0.76814651 0.41491783 
0.64999998 0.34941253 0.12630764 0.7536087 0.44174829 
0.69999999 0.36802563 0.1395286 0.73962152 0.46743992 
0.75 0.38573095 0.15306868 0.72615409 0.49202606 
0.80000001 0.40257278 0.1668815 0.71317762 0.51554179 
0.85000002 0.4185932 0.18092105 0.70066535 0.53802323 
0.89999998 0.43383232 0.19514219 0.68859237 0.55950701 
0.94999999 0.44832823 0.20950125 0.67693555 0.58003014 
1 0.46211714 0.22395629 0.66567343 0.59962922 
1.05 0.47523358 0.2384675 0.65478617 0.61834061 
1.1 0.4877103 0.2529974 0.64425534 0.63620001 
1.15 0.49957854 0.26751095 0.63406378 0.65324235 
1.2 0.51086795 0.28197569 0.62419569 0.66950184 
1.25 0.5216068 0.29636171 0.61463642 0.68501151 
1.3 0.53182185 0.31064171 0.60537243 0.69980365 
1.35 0.54153877 0.32479081 0.59639096 0.71390927 
1.4 0.55078173 0.33878672 0.5876804 0.72735858 
1.45 0.55957395 0.35260943 0.57922983 0.74018055 
1.5 0.56793737 0.36624113 0.57102913 0.75240302 
1.55 0.57589287 0.37966627 0.56306887 0.76405293 
1.6 0.58346039 0.39287117 0.55534017 0.77515614 
1.65 0.59065884 0.40584412 0.54783481 0.7857374 
1.7 0.59750623 0.41857511 0.54054511 0.79582042 
1.75 0.60401964 0.43105572 0.53346372 0.80542809 
1.8 0.61021543 0.44327915 0.52658391 0.81458217 
1.85 0.61610901 0.45523983 0.51989925 0.82330364 
1.9 0.62171513 0.46693355 0.51340359 0.83161241 
1.95 0.6270479 0.47835714 0.50709128 0.83952773 
2 0.63212055 0.4895086 0.50095671 0.84698647 
2.05 0.63694578 0.50038677 0.49499482 0.85370529 
2.0999999 0.64153576 0.51099145 0.48920062 0.86012113 
2.1500001 0.6459018 0.52132308 0.48356932 0.866247 
2.2 0.65005499 0.53138292 0.47809649 0.87209535 
2.25 0.65400559 0.54117268 0.47277772 0.87767828 
2.3 0.65776348 0.55069476 0.46760884 0.88300729 
2.3499999 0.66133815 0.55995202 0.46258584 0.88809365 
2.4000001 0.66473842 0.56894767 0.45770484 0.89294797 
2.45 0.66797292 0.5776853 0.4529621 0.8975805 
2.5 0.67104965 0.58616889 0.44835398 0.90200114 
2.55 0.6739763 0.59440267 0.44387698 0.90621924 
2.5999999 0.67676026 0.602391 0.43952769 0.91024399 
2.6500001 0.67940837 0.6101386 0.43530282 0.9140839 
2.7 0.68192738 0.61765021 0.4311991 0.91774738 
2.75 0.68432355 0.6249308 0.42721349 0.9212423 
2.8 0.68660283 0.63198537 0.42334285 0.92457634 
2.8499999 0.68877101 0.6388191 0.41958427 0.92775679 
2.9000001 0.69083339 0.64543706 0.41593483 0.93079054 
2.95 0.69279516 0.6518445 0.41239169 0.93368435 
3 0.69466132 0.6580466 0.40895215 0.93644452 
3.05 0.69643641 0.66404867 0.40561345 0.93907714 
3.0999999 0.69812495 0.66985577 0.40237302 0.94158804 
3.1500001 0.69973117 0.67547321 0.39922822 0.94398278 
3.2 0.70125902 0.68090606 0.39617661 0.94626677 
3.25 0.70271236 0.68615943 0.39321566 0.94844496 
3.3 0.70409483 0.69123834 0.39034304 0.95052224 
3.3499999 0.70540988 0.69614774 0.38755634 0.95250332 
3.4000001 0.70666075 0.70089251 0.38485333 0.95439255 
3.45 0.70785064 0.70547754 0.38223171 0.95619416 
3.5 0.70898253 0.70990747 0.37968934 0.95791221 
3.55 0.71005917 0.71418703 0.377224 0.9595505 
3.5999999 0.71108335 0.71832073 0.37483367 0.9611128 
3.6500001 0.71205753 0.72231299 0.37251624 0.96260256 
3.7 0.7129842 0.72616827 0.37026978 0.96402317 
3.75 0.7138657 0.72989076 0.36809224 0.96537781 
3.8 0.71470422 0.73348469 0.36598179 0.9666695 
3.8499999 0.71550184 0.73695415 0.36393651 0.96790117 
3.9000001 0.71626055 0.74030298 0.36195457 0.96907568 
3.95 0.71698225 0.74353522 0.36003426 0.97019553 
4 0.71766877 0.74665451 0.35817373 0.97126341 
4.0500002 0.7183218 0.74966466 0.35637137 0.97228158 
4.0999999 0.718943 0.75256908 0.35462549 0.97325248 
4.1500001 0.71953386 0.75537139 0.35293448 0.97417819 
4.1999998 0.72009593 0.75807494 0.35129672 0.97506088 
4.25 0.72063059 0.760683 0.34971073 0.97590256 
4.3000002 0.72113919 0.76319873 0.34817496 0.97670507 
4.3499999 0.72162294 0.76562524 0.34668797 0.97747034 
4.4000001 0.72208315 0.76796561 0.34524831 0.97819996 
4.4499998 0.72252089 0.77022266 0.34385461 0.97889566 
4.5 0.72293723 0.77239931 0.34250551 0.97955906 
4.5500002 0.72333336 0.77449822 0.34119967 0.98019159 
4.5999999 0.72371012 0.77652216 0.33993581 0.98079467 
4.6500001 0.72406846 0.77847356 0.33871266 0.98136979 
4.6999998 0.7244094 0.78035504 0.33752903 0.9819181 
4.75 0.72473371 0.78216898 0.3363837 0.98244095 
4.8000002 0.72504216 0.78391773 0.33527553 0.98293954 
4.8499999 0.7253356 0.78560358 0.33420339 0.98341489 
4.9000001 0.72561467 0.78722864 0.33316618 0.98386818 
4.9499998 0.72588021 0.78879511 0.33216283 0.98430043 
5 0.72613275 0.79030502 0.33119231 0.98471254 
5.0500002 0.69724846 0.79149753 0.33025432 0.98508328 
5.0999999 0.66412044 0.79187393 0.3293539 0.98536801 
5.1500001 0.63260812 0.79146618 0.32849762 0.98556209 
5.1999998 0.60263264 0.79031056 0.32769138 0.98566103 
5.25 0.57411909 0.78844523 0.3269403 0.98566031 
5.3000002 0.54699618 0.78591031 0.326249 0.98555523 
5.3499999 0.52119607 0.78274709 0.32562137 0.98534119 
5.4000001 0.49665421 0.77899772 0.32506067 0.98501354 
5.4499998 0.47330931 0.77470469 0.3245697 0.98456806 
5.5 0.45110294 0.76991051 0.32415056 0.98400044 
5.5500002 0.42997959 0.76465726 0.32380494 0.98330706 
5.5999999 0.40988642 0.75898641 0.32353398 0.98248434 
5.6500001 0.39077324 0.75293827 0.32333833 0.98152936 
5.6999998 0.37259218 0.74655205 0.32321829 0.9804396 
5.75 0.35529786 0.73986548 0.3231737 0.97921318 
5.8000002 0.33884698 0.73291475 0.32320404 0.97784865 
5.8499999 0.32319841 0.72573429 0.3233085 0.97634536 
5.9000001 0.30831304 0.71835691 0.32348591 0.97470313 
5.9499998 0.29415363 0.71081334 0.32373488 0.97292244 
6 0.2806848 0.70313281 0.32405376 0.97100449 
6.0500002 0.26787284 0.69534236 0.32444066 0.96895093 
6.0999999 0.25568572 0.68746746 0.32489356 0.96676421 
6.1500001 0.24409297 0.67953157 0.32541022 0.9644472 
6.1999998 0.23306562 0.67155659 0.32598832 0.96200341 
6.25 0.22257607 0.66356266 0.32662538 0.95943689 
6.3000002 0.2125981 0.65556818 0.32731888 0.956752 
6.3499999 0.20310678 0.64759016 0.3280662 0.95395374 
6.4000001 0.19407834 0.63964397 0.32886466 0.95104736 
6.4499998 0.18549022 0.63174373 0.32971153 0.9480384 
6.5 0.17732096 0.62390208 0.33060411 0.94493288 
6.5500002 0.16955011 0.61613047 0.33153966 0.94173676 
6.5999999 0.16215825 0.60843921 0.33251545 0.93845654 
6.6500001 0.1551269 0.60083735 0.33352876 0.93509859 
6.6999998 0.14843847 0.59333307 0.3345769 0.93166941 
6.75 0.14207624 0.58593357 0.33565724 0.92817569 
6.8000002 0.1360243 0.57864505 0.33676714 0.92462403 
6.8499999 0.13026752 0.57147288 0.33790413 0.92102098 
6.9000001 0.12479149 0.56442183 0.33906561 0.91737312 
6.9499998 0.11958253 0.55749583 0.34024924 0.91368687 
7 0.11462762 0.55069816 0.34145263 0.90996861 
7.0500002 0.10991436 0.54403156 0.34267348 0.90622443 
7.0999999 0.10543098 0.53749806 0.34390959 0.9024604 
7.1500001 0.10116625 0.53109944 0.34515879 0.8986823 
7.1999998 0.097109504 0.52483678 0.34641907 0.89489579 
7.25 0.093250617 0.51871091 0.34768844 0.89110631 
7.3000002 0.089579932 0.51272219 0.34896499 0.88731897 
7.3499999 0.086088262 0.50687063 0.35024691 0.88353878 
7.4000001 0.082766891 0.50115597 0.35153249 0.8797704 
7.4499998 0.079607494 0.49557766 0.35282004 0.87601835 
7.5 0.076602191 0.49013487 0.35410801 0.8722868 
7.5500002 0.073743455 0.48482656 0.35539493 0.86857975 
7.5999999 0.071024142 0.47965148 0.35667938 0.86490089 
7.6500001 0.06843745 0.47460824 0.35796002 0.86125368 
7.6999998 0.065976918 0.46969524 0.35923558 0.85764134 
7.75 0.063636385 0.46491072 0.3605049 0.85406691 
7.8000002 0.061409999 0.46025285 0.36176687 0.85053313 
7.8499999 0.059292194 0.45571971 0.36302045 0.8470425 
7.9000001 0.057277679 0.45130923 0.3642647 0.84359729 
7.9499998 0.055361409 0.44701931 0.36549866 0.84019971 
8 0.053538602 0.4428477 0.36672151 0.83685154 
8.0500002 0.051804692 0.43879223 0.36793253 0.83355457 
8.1000004 0.050155342 0.4348506 0.36913091 0.83031017 
8.1499996 0.048586436 0.43102047 0.37031609 0.82711977 
8.1999998 0.047094047 0.42729953 0.37148738 0.82398444 
8.25 0.04567444 0.4236854 0.37264431 0.82090515 
8.3000002 0.04432407 0.4201757 0.37378633 0.81788284 
8.3500004 0.043039557 0.41676807 0.37491301 0.81491804 
8.3999996 0.041817691 0.41346017 0.37602395 0.8120113 
8.4499998 0.040655416 0.41024959 0.37711877 0.80916309 
8.5 0.039549824 0.407134 0.37819719 0.80637366 
8.5500002 0.038498156 0.40411106 0.37925893 0.80364317 
8.6000004 0.037497777 0.40117845 0.38030374 0.80097163 
8.6499996 0.036546186 0.39833391 0.38133141 0.79835904 
8.6999998 0.035641007 0.39557517 0.3823418 0.79580522 
8.75 0.03477997 0.39289993 0.38333479 0.79330993 
8.8000002 0.033960931 0.39030609 0.38431025 0.79087287 
8.8500004 0.033181835 0.3877914 0.38526809 0.78849369 
8.8999996 0.032440733 0.38535374 0.38620833 0.78617185 
8.9499998 0.031735778 0.38299102 0.38713089 0.78390688 
9 0.031065205 0.38070118 0.3880358 0.78169817 
9.0500002 0.030427335 0.37848222 0.38892311 0.77954513 
9.1000004 0.029820573 0.3763321 0.38979283 0.77744699 
9.1499996 0.029243404 0.37424892 0.39064503 0.77540314 
9.1999998 0.028694386 0.37223074 0.39147982 0.77341276 
9.25 0.028172141 0.37027574 0.3922973 0.77147508 
9.3000002 0.027675368 0.36838207 0.39309758 0.76958925 
9.3500004 0.027202822 0.36654794 0.39388078 0.76775438 
9.3999996 0.026753321 0.36477163 0.39464709 0.76596969 
9.4499998 0.026325746 0.36305144 0.39539665 0.76423424 
9.5 0.025919022 0.3613857 0.39612961 0.76254708 
9.5500002 0.025532134 0.35977283 0.39684615 0.76090735 
9.6000004 0.025164114 0.35821119 0.3975465 0.75931412 
9.6499996 0.024814043 0.35669929 0.39823085 0.75776637 
9.6999998 0.024481047 0.35523561 0.39889938 0.75626326 
9.75 0.024164289 0.35381871 0.39955232 0.75480372 
9.8000002 0.02386298 0.35244715 0.40018988 0.75338691 
9.8500004 0.023576368 0.35111955 0.4008123 0.75201178 
9.8999996 0.023303732 0.34983456 0.40141982 0.75067747 
9.9499998 0.023044394 0.34859091 0.40201268 0.74938291 
10 0.022797704 0.34738728 0.40259105 0.74812728 
10.05 0.022563044 0.34622243 0.40315524 0.74690962 
10.1 0.022339828 0.34509519 0.40370548 0.74572891 
10.15 0.0221275 0.34400439 0.40424201 0.74458438 
10.2 0.021925528 0.34294885 0.40476507 0.74347496 
10.25 0.021733405 0.34192753 0.40527493 0.74239987 
10.3 0.021550652 0.34093931 0.40577179 0.74135816 
10.35 0.021376813 0.33998317 0.40625596 0.74034899 
10.4 0.021211451 0.33905807 0.40672764 0.73937148 
10.45 0.021054154 0.33816305 0.4071871 0.73842472 
10.5 0.020904528 0.33729717 0.40763459 0.737508 
10.55 0.0207622 0.33645952 0.40807036 0.73662037 
10.6 0.020626813 0.33564913 0.40849462 0.73576111 
10.65 0.02049803 0.33486521 0.40890765 0.73492938 
10.7 0.020375527 0.33410689 0.40930966 0.73412442 
10.75 0.020258998 0.33337334 0.40970093 0.73334545 
10.8 0.020148152 0.33266377 0.41008165 0.73259175 
10.85 0.020042714 0.33197746 0.4104521 0.7318626 
10.9 0.019942418 0.33131358 0.41081247 0.73115724 
10.95 0.019847011 0.33067146 0.41116303 0.73047495 
11 0.019756259 0.33005041 0.41150397 0.72981513 
11.05 0.019669933 0.32944971 0.41183555 0.72917706 
11.1 0.019587817 0.32886872 0.41215795 0.72856009 
11.15 0.019509707 0.32830682 0.41247141 0.72796357 
11.2 0.019435404 0.32776338 0.41277614 0.72738689 
11.25 0.019364726 0.32723778 0.41307235 0.72682947 
11.3 0.019297495 0.32672951 0.41336027 0.72629064 
11.35 0.019233543 0.32623792 0.41364005 0.72576988 
11.4 0.019172709 0.32576254 0.41391194 0.7252667 
11.45 0.019114843 0.32530281 0.41417614 0.72478038 
11.5 0.0190598 0.32485822 0.41443279 0.72431052 
11.55 0.019007441 0.32442826 0.41468215 0.72385657 
11.6 0.018957634 0.32401249 0.41492432 0.723418 
11.65 0.018910257 0.32361042 0.41515958 0.72299439 
11.7 0.01886519 0.32322165 0.41538805 0.72258514 
11.75 0.018822322 0.32284567 0.41560993 0.7221899 
11.8 0.018781545 0.32248214 0.41582537 0.7218082 
11.85 0.018742755 0.32213056 0.41603452 0.72143954 
11.9 0.018705858 0.32179064 0.41623762 0.72108358 
11.95 0.01867076 0.32146192 0.41643476 0.72073984 
12 0.018637374 0.32114407 0.41662616 0.7204079 
12.05 0.018605618 0.32083675 0.41681188 0.72008747 
12.1 0.018575408 0.32053956 0.41699219 0.71977806 
12.15 0.018546673 0.32025221 0.41716716 0.71947938 
12.2 0.018519338 0.31997439 0.41733694 0.71919107 
12.25 0.018493338 0.31970572 0.41750172 0.71891278 
12.3 0.018468605 0.31944597 0.41766158 0.71864414 
12.35 0.018445078 0.31919479 0.41781667 0.71838486 
12.4 0.018422699 0.31895196 0.41796714 0.71813464 
12.45 0.01840141 0.31871715 0.41811311 0.71789312 
12.5 0.018381162 0.31849012 0.4182547 0.71766007 
12.55 0.0183619 0.31827062 0.41839206 0.71743512 
12.6 0.018343577 0.31805837 0.41852528 0.7172181 
12.65 0.018326148 0.31785318 0.41865447 0.71700871 
12.7 0.018309569 0.31765476 0.41877976 0.71680659 
12.75 0.018293798 0.31746292 0.41890126 0.71661162 
12.8 0.018278798 0.31727746 0.4190191 0.71642351 
12.85 0.018264528 0.31709814 0.41913334 0.71624202 
12.9 0.018250953 0.31692478 0.41924411 0.71606696 
12.95 0.018238042 0.31675714 0.41935149 0.71589804 
13 0.018225759 0.31659508 0.41945562 0.71573508 
13.05 0.018214077 0.31643838 0.41955656 0.71557784 
13.1 0.018202964 0.31628689 0.4196544 0.71542621 
13.15 0.018192392 0.31614041 0.41974923 0.71527994 
13.2 0.018182337 0.31599882 0.41984117 0.71513885 
13.25 0.018172773 0.31586191 0.41993025 0.71500278 
13.3 0.018163674 0.31572953 0.42001662 0.71487147 
13.35 0.018155018 0.31560156 0.4201003 0.71474487 
13.4 0.018146785 0.31547785 0.42018142 0.71462274 
13.45 0.018138954 0.31535822 0.42026001 0.71450496 
13.5 0.018131504 0.31524259 0.42033619 0.71439141 
13.55 0.018124418 0.31513077 0.42040998 0.71428186 
13.6 0.018117677 0.31502268 0.4204815 0.71417618 
13.65 0.018111266 0.31491816 0.42055076 0.71407431 
13.7 0.018105168 0.31481713 0.42061791 0.71397603 
13.75 0.018099366 0.31471944 0.42068294 0.71388125 
13.8 0.018093847 0.31462499 0.42074597 0.71378988 
13.85 0.018088598 0.31453371 0.420807 0.71370178 
13.9 0.018083604 0.31444544 0.42086613 0.71361679 
13.95 0.018078854 0.31436011 0.42092341 0.71353483 
14 0.018074336 0.31427759 0.42097887 0.71345586 
14.05 0.018070038 0.31419784 0.42103264 0.71337962 
14.1 0.01806595 0.31412071 0.42108467 0.71330613 
14.15 0.018062061 0.31404617 0.4211351 0.71323532 
14.2 0.018058361 0.31397411 0.42118394 0.71316701 
14.25 0.018054843 0.31390443 0.42123121 0.71310109 
14.3 0.018051496 0.31383705 0.42127702 0.71303761 
14.35 0.018048311 0.31377193 0.42132139 0.71297634 
14.4 0.018045282 0.31370896 0.42136434 0.71291727 
14.45 0.0180424 0.3136481 0.42140594 0.71286035 
14.5 0.018039661 0.31358925 0.4214462 0.71280545 
14.55 0.018037055 0.31353235 0.42148522 0.71275252 
14.6 0.018034574 0.31347737 0.42152297 0.71270144 
14.65 0.018032216 0.3134242 0.42155954 0.71265227 
14.7 0.018029971 0.31337279 0.42159495 0.71260476 
14.75 0.018027838 0.31332308 0.42162922 0.71255904 
14.8 0.018025808 0.31327504 0.42166242 0.71251494 
14.85 0.018023876 0.31322861 0.42169455 0.71247238 
14.9 0.01802204 0.3131837 0.42172566 0.71243137 
14.95 0.018020291 0.31314027 0.42175579 0.71239179 
15 0.018018629 0.31309831 0.42178494 0.71235371 
15.05 0.018017048 0.31305772 0.42181316 0.71231693 
15.1 0.018015545 0.3130185 0.42184049 0.71228147 
15.15 0.018014114 0.31298059 0.42186692 0.71224731 
15.2 0.018012753 0.31294394 0.42189252 0.71221435 
15.25 0.018011458 0.31290847 0.42191732 0.71218258 
15.3 0.018010227 0.31287423 0.42194131 0.71215194 
15.35 0.018009055 0.31284109 0.42196453 0.71212238 
15.4 0.018007942 0.31280908 0.421987 0.71209389 
15.45 0.018006882 0.31277812 0.42200875 0.71206641 
15.5 0.018005874 0.31274819 0.42202982 0.71203995 
15.55 0.018004915 0.31271926 0.42205021 0.71201444 
15.6 0.018004002 0.31269127 0.42206991 0.71198982 
15.65 0.018003134 0.31266424 0.42208901 0.7119661 
15.7 0.018002309 0.3126381 0.42210749 0.71194321 
15.75 0.018001525 0.3126128 0.42212537 0.7119211 
15.8 0.018000778 0.31258839 0.42214265 0.71189982 
15.85 0.018000066 0.31256476 0.4221594 0.71187931 
15.9 0.01799939 0.31254193 0.42217562 0.71185952 
15.95 0.017998748 0.31251985 0.42219129 0.71184045 
16 0.017998137 0.31249851 0.42220646 0.71182203 
16.049999 0.017997555 0.31247786 0.42222115 0.71180433 
16.1 0.017997002 0.31245792 0.42223537 0.71178722 
16.15 0.017996475 0.31243864 0.42224911 0.71177071 
16.200001 0.017995974 0.31241998 0.4222624 0.7117548 
16.25 0.017995499 0.31240198 0.42227527 0.71173948 
16.299999 0.017995045 0.31238455 0.42228773 0.7117247 
16.35 0.017994614 0.31236771 0.4222998 0.71171039 
16.4 0.017994205 0.31235141 0.42231146 0.71169668 
16.450001 0.017993815 0.31233567 0.42232275 0.71168339 
16.5 0.017993445 0.31232044 0.42233366 0.71167058 
16.549999 0.017993091 0.31230575 0.42234424 0.71165824 
16.6 0.017992755 0.3122915 0.42235446 0.71164638 
16.65 0.017992437 0.31227776 0.42236432 0.71163487 
16.700001 0.017992133 0.31226447 0.42237389 0.71162385 
16.75 0.017991845 0.31225163 0.42238316 0.71161318 
16.799999 0.017991569 0.3122392 0.42239213 0.71160287 
16.85 0.017991308 0.31222719 0.42240077 0.71159297 
16.9 0.017991059 0.31221557 0.42240915 0.71158338 
16.950001 0.017990822 0.31220433 0.42241728 0.71157414 
17 0.017990597 0.31219348 0.42242512 0.71156526 
17.049999 0.017990384 0.31218299 0.42243269 0.71155667 
17.1 0.017990179 0.31217286 0.42244005 0.71154839 
17.15 0.017989986 0.31216305 0.42244714 0.7115404 
17.200001 0.017989801 0.31215358 0.42245403 0.71153271 
17.25 0.017989626 0.3121444 0.42246068 0.71152526 
17.299999 0.01798946 0.31213555 0.42246708 0.71151811 
17.35 0.017989302 0.31212699 0.42247331 0.71151119 
17.4 0.017989151 0.31211871 0.42247933 0.71150452 
17.450001 0.017989008 0.31211069 0.42248514 0.71149808 
17.5 0.017988872 0.31210294 0.42249078 0.71149188 
17.549999 0.017988741 0.31209546 0.42249623 0.71148592 
17.6 0.017988618 0.31208825 0.4225015 0.71148014 
17.65 0.017988501 0.31208125 0.4225066 0.71147454 
17.700001 0.017988389 0.31207448 0.42251152 0.71146917 
17.75 0.017988283 0.31206796 0.42251629 0.71146399 
17.799999 0.017988181 0.31206164 0.42252091 0.71145904 
17.85 0.017988086 0.31205553 0.42252535 0.71145421 
17.9 0.017987994 0.31204963 0.42252967 0.71144956 
17.950001 0.017987907 0.31204391 0.42253384 0.71144503 
18 0.017987823 0.31203839 0.42253789 0.71144074 
18.049999 0.017987745 0.31203306 0.4225418 0.71143657 
18.1 0.01798767 0.3120279 0.42254555 0.71143252 
18.15 0.0179876 0.31202292 0.42254922 0.71142864 
18.200001 0.017987531 0.3120181 0.42255273 0.71142489 
18.25 0.017987467 0.31201345 0.42255616 0.71142125 
18.299999 0.017987406 0.31200895 0.42255947 0.71141779 
18.35 0.017987348 0.3120046 0.42256266 0.7114144 
18.4 0.017987292 0.31200036 0.42256576 0.71141118 
18.450001 0.017987238 0.31199631 0.42256874 0.71140802 
18.5 0.01798719 0.31199238 0.42257163 0.71140504 
18.549999 0.017987141 0.31198856 0.42257443 0.71140212 
18.6 0.017987097 0.3119849 0.42257714 0.71139926 
18.65 0.017987052 0.31198132 0.42257974 0.71139657 
18.700001 0.017987011 0.31197789 0.42258227 0.71139395 
18.75 0.017986972 0.31197456 0.42258471 0.71139139 
18.799999 0.017986935 0.31197137 0.4225871 0.71138895 
18.85 0.017986899 0.31196827 0.42258939 0.71138662 
18.9 0.017986866 0.31196526 0.4225916 0.71138436 
18.950001 0.017986834 0.31196234 0.42259374 0.71138215 
19 0.017986804 0.31195953 0.4225958 0.71138006 
19.049999 0.017986774 0.31195682 0.4225978 0.71137798 
19.1 0.017986747 0.3119542 0.42259973 0.71137601 
19.15 0.01798672 0.31195167 0.42260161 0.7113741 
19.200001 0.017986696 0.31194922 0.42260343 0.71137232 
19.25 0.017986672 0.31194684 0.42260519 0.71137053 
19.299999 0.01798665 0.31194457 0.42260686 0.7113688 
19.35 0.017986629 0.31194234 0.42260849 0.71136719 
19.4 0.017986609 0.31194019 0.42261007 0.71136558 
19.450001 0.017986588 0.31193814 0.42261162 0.71136403 
19.5 0.01798657 0.31193614 0.42261308 0.71136254 
19.549999 0.017986553 0.3119342 0.42261454 0.71136111 
19.6 0.017986536 0.31193233 0.42261592 0.71135974 
19.65 0.017986519 0.31193054 0.42261726 0.71135843 
19.700001 0.017986504 0.31192878 0.42261854 0.71135712 
19.75 0.017986491 0.31192708 0.42261979 0.71135587 
19.799999 0.017986476 0.31192544 0.42262101 0.71135467 
19.85 0.017986463 0.31192386 0.42262217 0.71135354 
19.9 0.017986452 0.31192234 0.42262331 0.71135241 
19.950001 0.017986439 0.31192088 0.42262441 0.71135134 
20 0.017986428 0.31191945 0.42262548 0.71135026 
